0	1597
1	741
2	812
3	1874
4	610
5	2035
6	1527
7	1131
8	1894
9	1811
10	661
11	2420
12	1165
13	843
14	169
15	1419
16	1385
17	2241
18	1554
19	955
20	1003
21	11
22	1343
23	1118
24	2480
25	1131
26	1637
27	2065
28	872
29	1635
30	1875
31	696
32	1988
33	1743
34	2360
35	26
36	27
37	301
38	1805
39	45
40	2419
41	955
42	765
43	688
44	400
45	1119
46	1697
47	231
48	393
49	2140
50	668
51	35
52	1944
53	36
54	774
55	1624
56	37
57	2011
58	1078
59	214
60	1354
61	264
62	1007
63	1715
64	1252
65	562
66	1741
67	1984
68	303
69	110
70	1325
71	1902
72	2370
73	1567
74	1317
75	1257
76	1557
77	1564
78	1126
79	55
80	987
81	2155
82	1599
83	1099
84	733
85	2309
86	1560
87	577
88	440
89	1202
90	843
91	561
92	2403
93	1671
94	1808
95	572
96	71
97	2419
98	1094
99	628
100	74
101	936
102	421
103	688
104	79
105	871
106	2371
107	1025
108	2484
109	1919
110	168
111	1232
112	2177
113	528
114	2044
115	1347
116	1773
117	947
118	1392
119	527
120	1221
121	2449
122	1567
123	103
124	899
125	882
126	735
127	34
128	456
129	67
130	1676
131	221
132	1661
133	795
134	2429
135	155
136	1263
137	1002
138	567
139	1356
140	2103
141	987
142	122
143	124
144	472
145	291
146	1557
147	2149
148	1875
149	1899
150	1677
151	1832
152	607
153	1233
154	207
155	1349
156	1095
157	212
158	1955
159	344
160	1825
161	1806
162	823
163	1193
164	480
165	1944
166	2344
167	2113
168	1288
169	1462
170	13
171	213
172	640
173	257
174	1931
175	1386
176	1635
177	406
178	324
179	1367
180	1306
181	1212
182	1882
183	436
184	1725
185	1214
186	876
187	751
188	1944
189	71
190	1593
191	851
192	1026
193	1015
194	1043
195	1332
196	330
197	921
198	561
199	482
200	984
201	1166
202	628
203	576
204	1735
205	646
206	1944
207	180
208	1631
209	1374
210	7
211	1390
212	35
213	69
214	184
215	1446
216	995
217	419
218	379
219	1321
220	2098
221	24
222	370
223	449
224	199
225	1641
226	628
227	899
228	2454
229	1874
230	1165
231	1615
232	1969
233	460
234	754
235	647
236	1430
237	806
238	1509
239	572
240	209
241	1735
242	1043
243	1894
244	2416
245	498
246	456
247	1875
248	2190
249	2430
250	646
251	1533
252	2122
253	218
254	535
255	2405
256	648
257	1725
258	412
259	1552
260	1448
261	1854
262	81
263	1725
264	899
265	1250
266	2025
267	511
268	2355
269	661
270	1568
271	2324
272	1725
273	228
274	805
275	1612
276	141
277	250
278	661
279	1850
280	1635
281	1462
282	1481
283	2029
284	1225
285	695
286	1635
287	240
288	1019
289	1823
290	2478
291	1501
292	1218
293	2176
294	243
295	1617
296	246
297	370
298	1635
299	739
300	1374
301	246
302	535
303	2028
304	971
305	132
306	556
307	603
308	214
309	2017
310	2298
311	265
312	1825
313	143
314	168
315	448
316	1581
317	1970
318	249
319	1017
320	1354
321	587
322	792
323	1915
324	897
325	141
326	284
327	990
328	1091
329	1635
330	1727
331	1844
332	657
333	2316
334	1155
335	991
336	1946
337	2344
338	852
339	52
340	2126
341	2005
342	1131
343	294
344	2005
345	1008
346	1128
347	76
348	1568
349	1547
350	1526
351	1510
352	894
353	191
354	968
355	861
356	2025
357	658
358	811
359	2396
360	410
361	1635
362	2138
363	521
364	1969
365	407
366	859
367	2211
368	962
369	1994
370	1635
371	1756
372	2308
373	985
374	589
375	1156
376	1033
377	635
378	2361
379	2462
380	1283
381	161
382	2352
383	335
384	1964
385	930
386	43
387	2009
388	1468
389	2170
390	792
391	800
392	2374
393	1043
394	1783
395	1015
396	2406
397	695
398	395
399	1105
400	289
401	426
402	1206
403	342
404	1668
405	561
406	1460
407	783
408	2471
409	1635
410	1382
411	2220
412	1569
413	1095
414	2307
415	665
416	843
417	162
418	1874
419	612
420	1240
421	1326
422	813
423	1856
424	2007
425	1201
426	2461
427	312
428	585
429	143
430	1485
431	1725
432	1148
433	1874
434	628
435	1376
436	1933
437	1631
438	2085
439	1870
440	2263
441	1362
442	1746
443	1499
444	504
445	378
446	381
447	383
448	1641
449	2246
450	2183
451	230
452	631
453	1675
454	635
455	2148
456	1641
457	422
458	1537
459	1274
460	1053
461	1008
462	2452
463	1567
464	1917
465	89
466	2276
467	2002
468	240
469	1070
470	1778
471	45
472	1406
473	551
474	1740
475	1164
476	1202
477	1414
478	2008
479	2464
480	552
481	2417
482	2280
483	548
484	987
485	2212
486	987
487	448
488	942
489	1689
490	1378
491	2198
492	495
493	12
494	2091
495	1476
496	2071
497	108
498	1881
499	1252
500	1944
501	1557
502	1936
503	1068
504	1065
505	1508
506	2144
507	543
508	987
509	943
510	877
511	561
512	215
513	1906
514	628
515	1478
516	1635
517	433
518	1008
519	299
520	283
521	434
522	2136
523	284
524	733
525	2368
526	1872
527	1328
528	2005
529	1840
530	168
531	837
532	2315
533	2082
534	1105
535	517
536	573
537	425
538	2369
539	1932
540	1438
541	482
542	10
543	785
544	971
545	1202
546	1956
547	159
548	1013
549	1676
550	936
551	1246
552	1185
553	1571
554	1131
555	1184
556	435
557	1635
558	462
559	2065
560	640
561	230
562	816
563	1008
564	153
565	1466
566	843
567	469
568	561
569	1428
570	1635
571	624
572	640
573	600
574	1785
575	1583
576	678
577	1367
578	241
579	1509
580	1176
581	947
582	477
583	1076
584	2001
585	513
586	1944
587	984
588	690
589	2388
590	483
591	246
592	486
593	912
594	487
595	2086
596	2080
597	862
598	1650
599	1010
600	1154
601	1635
602	1580
603	1022
604	1496
605	1875
606	1125
607	1333
608	2374
609	785
610	86
611	1364
612	1199
613	539
614	1635
615	695
616	1842
617	674
618	623
619	2249
620	1454
621	1070
622	745
623	1033
624	572
625	622
626	1524
627	230
628	2402
629	1202
630	915
631	733
632	1777
633	2283
634	719
635	1618
636	379
637	1198
638	429
639	1059
640	1721
641	1624
642	14
643	2328
644	2383
645	1987
646	743
647	526
648	816
649	310
650	370
651	1666
652	1301
653	16
654	1994
655	987
656	453
657	379
658	158
659	1482
660	916
661	1748
662	1781
663	553
664	1576
665	175
666	61
667	2439
668	646
669	1150
670	502
671	551
672	319
673	313
674	1578
675	2246
676	1851
677	2093
678	1184
679	529
680	1644
681	2007
682	284
683	1216
684	1883
685	1944
686	134
687	1931
688	2375
689	2428
690	697
691	1139
692	746
693	482
694	1583
695	2103
696	462
697	518
698	2031
699	1764
700	1842
701	465
702	1222
703	293
704	2369
705	202
706	1563
707	1658
708	1188
709	1804
710	861
711	8
712	1827
713	861
714	1429
715	913
716	143
717	438
718	1344
719	2432
720	1422
721	2128
722	2263
723	1040
724	987
725	1142
726	1416
727	90
728	891
729	1748
730	2409
731	623
732	2039
733	267
734	572
735	1225
736	1195
737	2351
738	2452
739	1874
740	1635
741	929
742	708
743	1707
744	55
745	1642
746	75
747	773
748	1570
749	1448
750	319
751	1058
752	2271
753	596
754	633
755	635
756	101
757	380
758	59
759	826
760	891
761	1501
762	1346
763	257
764	1689
765	1031
766	757
767	234
768	618
769	112
770	879
771	620
772	1594
773	1457
774	764
775	621
776	597
777	695
778	1052
779	1696
780	624
781	1367
782	2103
783	2334
784	628
785	2360
786	973
787	1635
788	2139
789	1889
790	1465
791	252
792	1447
793	693
794	987
795	1922
796	1095
797	2326
798	76
799	1406
800	26
801	2452
802	1635
803	449
804	1221
805	2166
806	1650
807	1919
808	2267
809	996
810	1241
811	922
812	639
813	1606
814	518
815	1383
816	646
817	813
818	890
819	1442
820	1355
821	1095
822	108
823	1057
824	1424
825	654
826	1123
827	2235
828	814
829	14
830	659
831	1566
832	1869
833	1367
834	659
835	2126
836	1587
837	42
838	496
839	1293
840	962
841	2242
842	506
843	670
844	733
845	80
846	628
847	492
848	2374
849	2458
850	1635
851	1521
852	674
853	1241
854	139
855	536
856	373
857	1884
858	678
859	987
860	2368
861	739
862	761
863	1641
864	566
865	566
866	1099
867	1874
868	2395
869	1188
870	2344
871	2473
872	476
873	785
874	2074
875	608
876	1952
877	1944
878	1635
879	1864
880	1008
881	2484
882	871
883	2103
884	376
885	448
886	1006
887	1895
888	2033
889	1635
890	1895
891	1944
892	703
893	2322
894	2021
895	1285
896	2231
897	2254
898	1156
899	1748
900	363
901	1216
902	2324
903	843
904	984
905	733
906	1343
907	737
908	2358
909	108
910	628
911	335
912	103
913	1874
914	2408
915	1671
916	2232
917	64
918	1472
919	1875
920	462
921	115
922	480
923	1101
924	1
925	1987
926	2276
927	721
928	1295
929	891
930	858
931	263
932	1279
933	2071
934	1347
935	1216
936	2472
937	1830
938	591
939	1528
940	1823
941	1150
942	1833
943	2206
944	766
945	1797
946	1761
947	1914
948	632
949	1764
950	544
951	1317
952	1567
953	1945
954	2057
955	1187
956	1274
957	2271
958	1944
959	2009
960	1202
961	851
962	561
963	1008
964	734
965	67
966	425
967	510
968	904
969	1675
970	612
971	987
972	1967
973	1540
974	1571
975	498
976	2431
977	480
978	2241
979	1252
980	1941
981	1658
982	159
983	2019
984	1875
985	1076
986	1635
987	158
988	553
989	749
990	756
991	605
992	2186
993	813
994	947
995	777
996	1501
997	2103
998	1728
999	976
1000	1874
1001	102
1002	1260
1003	1102
1004	352
1005	714
1006	2049
1007	73
1008	1381
1009	1015
1010	1091
1011	1059
1012	406
1013	776
1014	464
1015	81
1016	2228
1017	348
1018	246
1019	838
1020	641
1021	989
1022	1994
1023	1472
1024	2159
1025	631
1026	1307
1027	628
1028	695
1029	1635
1030	1240
1031	1635
1032	1008
1033	785
1034	2355
1035	1052
1036	2103
1037	1778
1038	1274
1039	1124
1040	843
1041	999
1042	1181
1043	2162
1044	426
1045	628
1046	769
1047	1614
1048	947
1049	694
1050	2227
1051	2070
1052	1635
1053	1169
1054	2388
1055	1215
1056	733
1057	673
1058	2341
1059	1530
1060	118
1061	415
1062	458
1063	2103
1064	628
1065	987
1066	125
1067	462
1068	1140
1069	987
1070	646
1071	1059
1072	2346
1073	2478
1074	269
1075	548
1076	1253
1077	1440
1078	1971
1079	67
1080	825
1081	1428
1082	1781
1083	749
1084	2485
1085	473
1086	108
1087	330
1088	962
1089	262
1090	1196
1091	1590
1092	1225
1093	158
1094	411
1095	2452
1096	2257
1097	2249
1098	1472
1099	1705
1100	2024
1101	858
1102	1428
1103	96
1104	2409
1105	1890
1106	734
1107	1161
1108	1935
1109	843
1110	1626
1111	850
1112	1944
1113	2157
1114	32
1115	2424
1116	855
1117	916
1118	1649
1119	277
1120	841
1121	585
1122	1009
1123	1225
1124	611
1125	1025
1126	1967
1127	947
1128	130
1129	2344
1130	780
1131	1979
1132	1395
1133	746
1134	2473
1135	1610
1136	1760
1137	2229
1138	1202
1139	544
1140	1008
1141	1052
1142	1523
1143	2114
1144	2456
1145	1467
1146	1115
1147	678
1148	480
1149	1891
1150	1319
1151	1261
1152	1986
1153	397
1154	941
1155	1878
1156	669
1157	2372
1158	1875
1159	2032
1160	179
1161	1833
1162	1941
1163	811
1164	2133
1165	67
1166	739
1167	315
1168	795
1169	1874
1170	1653
1171	478
1172	1137
1173	1367
1174	2485
1175	674
1176	447
1177	2121
1178	448
1179	1514
1180	602
1181	1024
1182	469
1183	107
1184	722
1185	1001
1186	329
1187	1940
1188	2452
1189	2351
1190	1180
1191	1590
1192	805
1193	203
1194	1338
1195	268
1196	6
1197	390
1198	977
1199	911
1200	1060
1201	2375
1202	353
1203	1600
1204	834
1205	2479
1206	572
1207	2088
1208	717
1209	924
1210	1303
1211	1150
1212	1720
1213	488
1214	2348
1215	2247
1216	856
1217	67
1218	406
1219	558
1220	139
1221	407
1222	2204
1223	935
1224	2205
1225	736
1226	242
1227	1448
1228	1097
1229	2164
1230	1118
1231	1176
1232	1856
1233	964
1234	2385
1235	406
1236	67
1237	1874
1238	1166
1239	449
1240	694
1241	1087
1242	2143
1243	809
1244	279
1245	531
1246	471
1247	447
1248	426
1249	1552
1250	2369
1251	1907
1252	302
1253	1573
1254	598
1255	1671
1256	2260
1257	1509
1258	1821
1259	259
1260	1537
1261	1252
1262	1206
1263	767
1264	575
1265	1081
1266	368
1267	1140
1268	518
1269	1985
1270	2054
1271	139
1272	166
1273	183
1274	960
1275	365
1276	1408
1277	2421
1278	1944
1279	1725
1280	640
1281	1995
1282	1465
1283	1347
1284	534
1285	1874
1286	1608
1287	781
1288	1631
1289	2215
1290	987
1291	2079
1292	1342
1293	419
1294	947
1295	1578
1296	1296
1297	993
1298	1243
1299	695
1300	1008
1301	642
1302	1635
1303	864
1304	2018
1305	298
1306	948
1307	2052
1308	1725
1309	2285
1310	479
1311	1584
1312	1649
1313	1188
1314	139
1315	1045
1316	2265
1317	1008
1318	263
1319	284
1320	1344
1321	1812
1322	1652
1323	80
1324	2148
1325	2452
1326	1541
1327	912
1328	1433
1329	1944
1330	1269
1331	2073
1332	546
1333	635
1334	695
1335	480
1336	2259
1337	1509
1338	1367
1339	1730
1340	629
1341	991
1342	969
1343	2148
1344	793
1345	2359
1346	1142
1347	1963
1348	1525
1349	1279
1350	923
1351	502
1352	1849
1353	69
1354	1096
1355	1737
1356	247
1357	1501
1358	1647
1359	1557
1360	1188
1361	721
1362	733
1363	1238
1364	1558
1365	640
1366	1057
1367	1727
1368	338
1369	396
1370	2171
1371	1322
1372	89
1373	1257
1374	29
1375	630
1376	2462
1377	1069
1378	1541
1379	143
1380	570
1381	1742
1382	891
1383	1188
1384	1532
1385	984
1386	678
1387	1074
1388	569
1389	2053
1390	443
1391	551
1392	1370
1393	566
1394	2023
1395	640
1396	79
1397	897
1398	612
1399	561
1400	962
1401	842
1402	288
1403	1262
1404	706
1405	453
1406	2183
1407	29
1408	1008
1409	1103
1410	2295
1411	1635
1412	2468
1413	2390
1414	2116
1415	426
1416	2194
1417	1038
1418	1656
1419	656
1420	2484
1421	1058
1422	1297
1423	407
1424	2483
1425	2337
1426	69
1427	2225
1428	419
1429	501
1430	2069
1431	2484
1432	1027
1433	2112
1434	1283
1435	532
1436	1112
1437	2283
1438	861
1439	1945
1440	26
1441	974
1442	2024
1443	2463
1444	972
1445	1115
1446	897
1447	553
1448	696
1449	48
1450	1076
1451	696
1452	985
1453	449
1454	2232
1455	1168
1456	2062
1457	1443
1458	1095
1459	1218
1460	450
1461	277
1462	635
1463	692
1464	1166
1465	271
1466	168
1467	1669
1468	1188
1469	1953
1470	1498
1471	353
1472	711
1473	1558
1474	2211
1475	723
1476	1352
1477	1148
1478	1651
1479	758
1480	947
1481	297
1482	1735
1483	2058
1484	1845
1485	1687
1486	321
1487	357
1488	1771
1489	1158
1490	581
1491	1557
1492	282
1493	2179
1494	262
1495	1525
1496	2456
1497	1565
1498	715
1499	1259
1500	1589
1501	1944
1502	1008
1503	1735
1504	1220
1505	1251
1506	1213
1507	743
1508	837
1509	1945
1510	628
1511	462
1512	1898
1513	995
1514	966
1515	1879
1516	2235
1517	1853
1518	1174
1519	1635
1520	39
1521	864
1522	795
1523	641
1524	1543
1525	1176
1526	2007
1527	2103
1528	1944
1529	1020
1530	1700
1531	1874
1532	2473
1533	1068
1534	1927
1535	1184
1536	2007
1537	1204
1538	590
1539	1658
1540	1635
1541	290
1542	1190
1543	992
1544	407
1545	1194
1546	335
1547	646
1548	278
1549	840
1550	1588
1551	821
1552	2335
1553	1972
1554	2009
1555	2438
1556	787
1557	1012
1558	2433
1559	286
1560	286
1561	2185
1562	2259
1563	1443
1564	2144
1565	785
1566	1725
1567	1837
1568	868
1569	1443
1570	1383
1571	1580
1572	257
1573	1662
1574	1928
1575	2015
1576	2190
1577	2430
1578	936
1579	1166
1580	2178
1581	1735
1582	1336
1583	899
1584	501
1585	681
1586	1381
1587	628
1588	2138
1589	490
1590	1992
1591	1928
1592	166
1593	327
1594	361
1595	1588
1596	445
1597	1317
1598	686
1599	2246
1600	246
1601	1189
1602	1944
1603	1831
1604	816
1605	628
1606	1068
1607	2392
1608	1291
1609	1701
1610	1819
1611	92
1612	1389
1613	1286
1614	1354
1615	1875
1616	1252
1617	136
1618	1875
1619	1804
1620	800
1621	2143
1622	348
1623	1177
1624	1074
1625	985
1626	2425
1627	1260
1628	338
1629	2248
1630	1008
1631	1269
1632	2360
1633	91
1634	118
1635	1911
1636	2294
1637	1252
1638	1808
1639	353
1640	1292
1641	1902
1642	712
1643	157
1644	1537
1645	902
1646	957
1647	689
1648	419
1649	1150
1650	1139
1651	2457
1652	2324
1653	2211
1654	331
1655	1635
1656	2160
1657	940
1658	327
1659	63
1660	1296
1661	1215
1662	813
1663	1119
1664	1252
1665	2045
1666	2007
1667	674
1668	1016
1669	1010
1670	1739
1671	255
1672	618
1673	1365
1674	1252
1675	1944
1676	1208
1677	2161
1678	362
1679	2404
1680	646
1681	576
1682	397
1683	1284
1684	1310
1685	916
1686	1635
1687	2109
1688	1885
1689	126
1690	627
1691	519
1692	1045
1693	1635
1694	2055
1695	339
1696	2047
1697	2233
1698	947
1699	1509
1700	2324
1701	2271
1702	1500
1703	531
1704	1302
1705	2113
1706	2437
1707	766
1708	1875
1709	267
1710	916
1711	2053
1712	244
1713	1007
1714	2221
1715	752
1716	678
1717	436
1718	2136
1719	1251
1720	798
1721	482
1722	1473
1723	1305
1724	1975
1725	987
1726	1836
1727	407
1728	1202
1729	1735
1730	158
1731	2399
1732	1351
1733	18
1734	2419
1735	1964
1736	1341
1737	1189
1738	627
1739	917
1740	1508
1741	1910
1742	168
1743	1051
1744	640
1745	881
1746	1348
1747	111
1748	2007
1749	2322
1750	2351
1751	1076
1752	646
1753	1356
1754	2351
1755	107
1756	1219
1757	174
1758	461
1759	1266
1760	1359
1761	48
1762	1360
1763	1272
1764	2146
1765	674
1766	1748
1767	1367
1768	907
1769	707
1770	1882
1771	851
1772	1779
1773	432
1774	2045
1775	390
1776	604
1777	675
1778	1374
1779	321
1780	2181
1781	1252
1782	1721
1783	1380
1784	637
1785	1427
1786	1206
1787	1803
1788	1490
1789	1717
1790	1421
1791	2413
1792	734
1793	1182
1794	482
1795	541
1796	2472
1797	34
1798	1187
1799	946
1800	2109
1801	632
1802	1472
1803	2381
1804	1835
1805	1050
1806	1530
1807	1784
1808	67
1809	684
1810	887
1811	1407
1812	2215
1813	2285
1814	1571
1815	805
1816	1395
1817	2007
1818	1413
1819	272
1820	2344
1821	1533
1822	1725
1823	494
1824	1539
1825	1633
1826	987
1827	1420
1828	163
1829	288
1830	436
1831	809
1832	2286
1833	626
1834	1023
1835	770
1836	1231
1837	1815
1838	1443
1839	165
1840	1509
1841	2162
1842	381
1843	1297
1844	286
1845	1434
1846	1067
1847	1762
1848	811
1849	2373
1850	1804
1851	451
1852	2019
1853	338
1854	2460
1855	1367
1856	1619
1857	1524
1858	873
1859	449
1860	2112
1861	695
1862	1154
1863	2065
1864	2344
1865	1944
1866	1976
1867	1033
1868	2065
1869	1452
1870	1635
1871	1486
1872	1456
1873	1562
1874	953
1875	2199
1876	5
1877	2360
1878	2407
1879	1381
1880	59
1881	796
1882	2063
1883	2468
1884	1463
1885	1631
1886	1944
1887	2285
1888	1250
1889	1731
1890	1875
1891	1528
1892	572
1893	351
1894	2061
1895	1141
1896	1244
1897	795
1898	209
1899	2252
1900	1288
1901	628
1902	40
1903	1373
1904	1708
1905	1635
1906	2375
1907	779
1908	2075
1909	2182
1910	1908
1911	1253
1912	1636
1913	843
1914	2427
1915	1589
1916	602
1917	2439
1918	1505
1919	843
1920	42
1921	2196
1922	1967
1923	722
1924	1519
1925	1043
1926	2484
1927	1554
1928	1905
1929	970
1930	2067
1931	1861
1932	165
1933	1725
1934	1635
1935	1381
1936	1389
1937	1287
1938	68
1939	13
1940	1874
1941	2027
1942	2284
1943	2456
1944	1874
1945	326
1946	1799
1947	1687
1948	406
1949	1526
1950	1682
1951	202
1952	1039
1953	1635
1954	1635
1955	1341
1956	1528
1957	2259
1958	1497
1959	250
1960	2008
1961	1913
1962	1911
1963	200
1964	2096
1965	1532
1966	2363
1967	643
1968	2435
1969	1240
1970	54
1971	444
1972	1712
1973	1153
1974	794
1975	831
1976	1024
1977	1005
1978	380
1979	900
1980	1375
1981	1236
1982	37
1983	53
1984	987
1985	1544
1986	1944
1987	1660
1988	561
1989	353
1990	2138
1991	1242
1992	6
1993	1485
1994	869
1995	1257
1996	491
1997	1189
1998	1113
1999	1191
2000	1268
2001	729
2002	1882
2003	145
2004	2029
2005	980
2006	1332
2007	2427
2008	797
2009	640
2010	1152
2011	171
2012	406
2013	1282
2014	584
2015	805
2016	1874
2017	1579
2018	2375
2019	1584
2020	1333
2021	356
2022	310
2023	426
2024	1735
2025	2316
2026	843
2027	1296
2028	2065
2029	1725
2030	1519
2031	1820
2032	267
2033	1636
2034	1700
2035	1206
2036	1248
2037	1645
2038	1649
2039	1967
2040	549
2041	809
2042	1330
2043	142
2044	2476
2045	1249
2046	168
2047	166
2048	1687
2049	1610
2050	1509
2051	1874
2052	1649
2053	1115
2054	1367
2055	2228
2056	899
2057	1181
2058	590
2059	678
2060	2436
2061	736
2062	777
2063	2243
2064	1622
2065	846
2066	893
2067	1414
2068	1258
2069	2390
2070	2104
2071	1635
2072	1184
2073	843
2074	1098
2075	1795
2076	1302
2077	568
2078	358
2079	524
2080	599
2081	1944
2082	619
2083	1764
2084	1946
2085	734
2086	2019
2087	1944
2088	1804
2089	2101
2090	693
2091	1635
2092	527
2093	2017
2094	747
2095	1874
2096	1225
2097	699
2098	311
2099	157
2100	2360
2101	1944
2102	1185
2103	591
2104	1008
2105	1635
2106	1846
2107	2321
2108	2275
2109	2125
2110	1325
2111	1072
2112	225
2113	1051
2114	2239
2115	777
2116	665
2117	1635
2118	1503
2119	212
2120	1235
2121	1135
2122	1612
2123	1667
2124	247
2125	892
2126	2145
2127	340
2128	1114
2129	1867
2130	974
2131	1635
2132	462
2133	572
2134	1681
2135	2396
2136	310
2137	1683
2138	1991
2139	579
2140	880
2141	1678
2142	919
2143	2007
2144	115
2145	1931
2146	1601
2147	560
2148	1832
2149	95
2150	1739
2151	772
2152	624
2153	154
2154	300
2155	1657
2156	166
2157	1632
2158	695
2159	283
2160	15
2161	2425
2162	195
2163	1811
2164	1535
2165	448
2166	2196
2167	390
2168	2369
2169	2452
2170	1912
2171	2486
2172	1634
2173	1875
2174	515
2175	2098
2176	1944
2177	296
2178	628
2179	266
2180	2388
2181	2090
2182	2346
2183	21
2184	316
2185	1414
2186	1293
2187	190
2188	2346
2189	1367
2190	987
2191	1118
2192	2001
2193	594
2194	827
2195	1664
2196	1206
2197	743
2198	1108
2199	19
2200	1040
2201	909
2202	1720
2203	1931
2204	1317
2205	1217
2206	1583
2207	1944
2208	1001
2209	1622
2210	532
2211	2307
2212	468
2213	2360
2214	1875
2215	1725
2216	843
2217	405
2218	1458
2219	1821
2220	1735
2221	2456
2222	1635
2223	1751
2224	1614
2225	2227
2226	1635
2227	1724
2228	623
2229	2317
2230	1731
2231	1130
2232	1649
2233	396
2234	997
2235	1818
2236	794
2237	1367
2238	239
2239	1512
2240	1601
2241	1076
2242	1944
2243	1330
2244	135
2245	102
2246	306
2247	623
2248	168
2249	680
2250	593
2251	2004
2252	812
2253	2103
2254	646
2255	83
2256	791
2257	823
2258	1977
2259	197
2260	2007
2261	2103
2262	531
2263	1677
2264	1048
2265	1640
2266	1544
2267	1731
2268	1465
2269	741
2270	1759
2271	2183
2272	648
2273	2338
2274	437
2275	1944
2276	2452
2277	1911
2278	1926
2279	2235
2280	1033
2281	1944
2282	2124
2283	1944
2284	467
2285	1582
2286	2087
2287	2448
2288	56
2289	901
2290	1590
2291	1406
2292	599
2293	568
2294	1131
2295	974
2296	1424
2297	1296
2298	783
2299	1944
2300	1774
2301	1100
2302	1945
2303	2021
2304	341
2305	1590
2306	1066
2307	36
2308	1131
2309	317
2310	1848
2311	1783
2312	1590
2313	1354
2314	1658
2315	1437
2316	1789
2317	2007
2318	259
2319	1008
2320	2284
2321	987
2322	1587
2323	1854
2324	1882
2325	1710
2326	1800
2327	1344
2328	2425
2329	1781
2330	1179
2331	1025
2332	448
2333	953
2334	208
2335	1216
2336	522
2337	2475
2338	406
2339	674
2340	228
2341	2073
2342	2138
2343	52
2344	1811
2345	1363
2346	2037
2347	1819
2348	1854
2349	462
2350	2178
2351	2203
2352	1840
2353	1618
2354	1265
2355	2079
2356	811
2357	653
2358	1011
2359	851
2360	1534
2361	1414
2362	867
2363	1034
2364	1240
2365	2008
2366	2052
2367	1614
2368	1874
2369	2001
2370	987
2371	1057
2372	2196
2373	1874
2374	563
2375	710
2376	1989
2377	885
2378	2055
2379	1051
2380	2248
2381	2159
2382	2008
2383	1443
2384	1008
2385	1935
2386	915
2387	1826
2388	1325
2389	2433
2390	1864
2391	1639
2392	2360
2393	1983
2394	695
2395	1895
2396	2137
2397	1774
2398	1860
2399	170
2400	1861
2401	1862
2402	1064
2403	267
2404	949
2405	2409
2406	1673
2407	1010
2408	462
2409	1945
2410	287
2411	1414
2412	501
2413	276
2414	1672
2415	1944
2416	171
2417	987
2418	775
2419	174
2420	2324
2421	1665
2422	449
2423	2409
2424	693
2425	640
2426	2109
2427	1798
2428	939
2429	408
2430	527
2431	1641
2432	1362
2433	918
2434	1832
2435	1845
2436	298
2437	1874
2438	2248
2439	2007
2440	2374
2441	108
2442	97
2443	1032
2444	578
2445	1095
2446	674
2447	318
2448	2283
2449	94
2450	1569
2451	2167
2452	1192
2453	555
2454	2031
2455	525
2456	1722
2457	947
2458	1443
2459	1260
2460	2041
2461	209
2462	1241
2463	1904
2464	987
2465	261
2466	916
2467	1008
2468	2216
2469	1173
2470	1821
2471	847
2472	999
2473	616
2474	1854
2475	987
2476	1100
2477	1934
2478	1256
2479	1921
2480	185
2481	514
2482	1919
2483	1689
2484	805
2485	1304
2486	1263
2487	1928
2488	787
2489	2369
2490	2446
2491	1636
2492	2374
2493	867
2494	1408
2495	1080
2496	1658
2497	1657
2498	1183
2499	1948
2500	1772
2501	1649
2502	2474
2503	1578
2504	1052
2505	583
2506	2074
2507	2232
2508	712
2509	1517
2510	1344
2511	1014
2512	796
2513	2241
2514	320
2515	1309
2516	987
2517	2148
2518	2326
2519	1465
2520	104
2521	2393
2522	754
2523	1225
2524	1635
2525	1859
2526	1219
2527	1840
2528	1861
2529	1186
2530	1974
2531	843
2532	2285
2533	353
2534	447
2535	1469
2536	115
2537	67
2538	2467
2539	1549
2540	2162
2541	259
2542	1186
2543	306
2544	764
2545	984
2546	940
2547	2359
2548	678
2549	1377
2550	1442
2551	449
2552	2221
2553	2183
2554	242
2555	628
2556	2414
2557	1231
2558	628
2559	1993
2560	1574
2561	2064
2562	1801
2563	1515
2564	2071
2565	318
2566	1839
2567	2210
2568	2271
2569	1996
2570	1480
2571	1999
2572	2455
2573	350
2574	327
2575	2145
2576	1541
2577	1132
2578	2006
2579	2380
2580	1312
2581	1011
2582	987
2583	1376
2584	244
2585	1008
2586	2471
2587	1488
2588	2375
2589	2013
2590	1743
2591	2018
2592	297
2593	2135
2594	2454
2595	2021
2596	1590
2597	2253
2598	149
2599	408
2600	985
2601	1112
2602	777
2603	147
2604	2103
2605	1130
2606	1249
2607	2384
2608	1894
2609	402
2610	337
2611	1808
2612	1557
2613	1372
2614	1703
2615	1949
2616	572
2617	449
2618	2039
2619	2400
2620	2007
2621	2042
2622	987
2623	678
2624	874
2625	1915
2626	1221
2627	1325
2628	98
2629	528
2630	635
2631	2110
2632	1911
2633	535
2634	444
2635	785
2636	1176
2637	1572
2638	1671
2639	666
2640	449
2641	1197
2642	914
2643	65
2644	1028
2645	2021
2646	384
2647	2072
2648	761
2649	1271
2650	843
2651	1849
2652	1337
2653	987
2654	2368
2655	1252
2656	646
2657	1339
2658	1202
2659	2076
2660	947
2661	71
2662	999
2663	879
2664	2151
2665	695
2666	2360
2667	448
2668	1967
2669	2059
2670	1257
2671	1367
2672	2482
2673	987
2674	1423
2675	2360
2676	398
2677	1978
2678	1999
2679	49
2680	870
2681	2133
2682	482
2683	2094
2684	1291
2685	947
2686	2218
2687	2375
2688	42
2689	1071
2690	942
2691	1706
2692	336
2693	2477
2694	447
2695	2283
2696	1067
2697	1145
2698	139
2699	353
2700	1848
2701	1344
2702	940
2703	236
2704	987
2705	1144
2706	1250
2707	505
2708	2167
2709	1351
2710	391
2711	459
2712	2113
2713	1475
2714	2041
2715	2115
2716	1874
2717	56
2718	1285
2719	1225
2720	1875
2721	1781
2722	635
2723	1141
2724	1509
2725	1636
2726	1150
2727	275
2728	437
2729	2484
2730	867
2731	987
2732	1703
2733	1780
2734	1515
2735	168
2736	426
2737	720
2738	802
2739	259
2740	2346
2741	321
2742	678
2743	1580
2744	2380
2745	1868
2746	787
2747	246
2748	1635
2749	2407
2750	1542
2751	1821
2752	638
2753	2148
2754	1967
2755	332
2756	1959
2757	659
2758	1892
2759	1076
2760	2156
2761	1984
2762	843
2763	231
2764	1720
2765	1944
2766	380
2767	2167
2768	368
2769	1220
2770	2347
2771	1635
2772	834
2773	1964
2774	298
2775	1029
2776	1859
2777	628
2778	933
2779	36
2780	628
2781	71
2782	203
2783	2289
2784	192
2785	2447
2786	2239
2787	724
2788	987
2789	410
2790	1367
2791	2270
2792	1864
2793	2074
2794	2007
2795	1237
2796	133
2797	2182
2798	2439
2799	2236
2800	557
2801	1225
2802	1777
2803	1399
2804	101
2805	379
2806	286
2807	1882
2808	871
2809	561
2810	1611
2811	1969
2812	143
2813	816
2814	1173
2815	2468
2816	1944
2817	604
2818	1557
2819	2147
2820	2208
2821	2127
2822	455
2823	145
2824	1265
2825	2216
2826	1529
2827	2336
2828	2473
2829	691
2830	1337
2831	1874
2832	1259
2833	2188
2834	1551
2835	1047
2836	1693
2837	497
2838	2443
2839	2478
2840	135
2841	401
2842	1816
2843	482
2844	343
2845	832
2846	367
2847	1317
2848	1849
2849	2098
2850	1944
2851	270
2852	384
2853	2460
2854	987
2855	2241
2856	392
2857	344
2858	1002
2859	2439
2860	1252
2861	1443
2862	1450
2863	1269
2864	1840
2865	1738
2866	2287
2867	264
2868	1430
2869	1439
2870	1988
2871	408
2872	1937
2873	196
2874	155
2875	1177
2876	194
2877	1635
2878	2259
2879	1823
2880	1590
2881	1448
2882	114
2883	351
2884	2265
2885	1695
2886	210
2887	1616
2888	2299
2889	596
2890	1744
2891	1727
2892	1068
2893	628
2894	2274
2895	1101
2896	399
2897	2410
2898	2229
2899	872
2900	535
2901	2271
2902	2121
2903	2229
2904	2254
2905	2422
2906	947
2907	1329
2908	332
2909	1465
2910	105
2911	1374
2912	561
2913	2021
2914	987
2915	915
2916	1259
2917	328
2918	2294
2919	456
2920	426
2921	1834
2922	1497
2923	283
2924	1541
2925	1578
2926	1967
2927	2122
2928	1034
2929	1008
2930	1944
2931	955
2932	52
2933	1107
2934	1008
2935	1612
2936	1943
2937	987
2938	543
2939	2209
2940	426
2941	507
2942	2361
2943	1010
2944	721
2945	1344
2946	1353
2947	1132
2948	2331
2949	408
2950	1306
2951	812
2952	442
2953	871
2954	1095
2955	256
2956	1534
2957	1875
2958	1990
2959	947
2960	2443
2961	1659
2962	631
2963	2364
2964	628
2965	2198
2966	561
2967	1725
2968	1076
2969	830
2970	1530
2971	628
2972	1443
2973	103
2974	1952
2975	212
2976	1270
2977	1186
2978	1650
2979	1998
2980	766
2981	272
2982	2291
2983	2472
2984	1105
2985	1532
2986	1119
2987	1956
2988	1559
2989	1970
2990	1944
2991	816
2992	1492
2993	2357
2994	1313
2995	1832
2996	2472
2997	38
2998	1182
2999	1247
3000	2267
3001	640
3002	704
3003	2269
3004	976
3005	1754
3006	864
3007	0
3008	1870
3009	2307
3010	1944
3011	561
3012	607
3013	595
3014	367
3015	853
3016	954
3017	1009
3018	656
3019	2178
3020	795
3021	247
3022	2244
3023	1606
3024	286
3025	652
3026	1534
3027	1431
3028	2052
3029	1367
3030	2261
3031	2415
3032	1118
3033	2389
3034	2390
3035	1856
3036	1874
3037	1874
3038	258
3039	447
3040	2084
3041	1012
3042	2263
3043	2272
3044	1076
3045	2399
3046	354
3047	852
3048	1735
3049	682
3050	632
3051	1944
3052	1727
3053	1286
3054	2055
3055	2193
3056	122
3057	1427
3058	100
3059	1275
3060	459
3061	2174
3062	1828
3063	1131
3064	987
3065	2031
3066	746
3067	2350
3068	349
3069	1994
3070	1279
3071	796
3072	1425
3073	2423
3074	1902
3075	2405
3076	2103
3077	1649
3078	2032
3079	1365
3080	1260
3081	1587
3082	1244
3083	84
3084	1966
3085	54
3086	1874
3087	2095
3088	1650
3089	2433
3090	1344
3091	957
3092	81
3093	1745
3094	516
3095	2148
3096	998
3097	1468
3098	1812
3099	1935
3100	2134
3101	1119
3102	251
3103	33
3104	749
3105	1635
3106	1190
3107	2214
3108	823
3109	987
3110	166
3111	446
3112	2454
3113	1687
3114	1725
3115	2451
3116	2248
3117	942
3118	2452
3119	1445
3120	1175
3121	561
3122	447
3123	2459
3124	1983
3125	1896
3126	1494
3127	2049
3128	1205
3129	1874
3130	2464
3131	570
3132	1131
3133	1471
3134	606
3135	1396
3136	57
3137	2126
3138	2436
3139	262
3140	1508
3141	412
3142	792
3143	1635
3144	1944
3145	1051
3146	158
3147	1164
3148	138
3149	16
3150	2368
3151	2122
3152	709
3153	1008
3154	1851
3155	166
3156	1205
3157	1367
3158	1622
3159	1935
3160	245
3161	426
3162	1447
3163	1960
3164	942
3165	2102
3166	1008
3167	251
3168	2250
3169	447
3170	2001
3171	531
3172	475
3173	1705
3174	852
3175	1635
3176	1711
3177	2460
3178	1606
3179	1794
3180	1333
3181	2012
3182	426
3183	1744
3184	1067
3185	1509
3186	2049
3187	1222
3188	306
3189	698
3190	849
3191	2295
3192	1782
3193	1153
3194	2300
3195	1509
3196	1072
3197	753
3198	586
3199	2405
3200	2088
3201	1260
3202	2169
3203	640
3204	2320
3205	2248
3206	2200
3207	415
3208	32
3209	2154
3210	1964
3211	1590
3212	1451
3213	656
3214	1731
3215	573
3216	787
3217	2425
3218	813
3219	1177
3220	68
3221	1601
3222	1443
3223	2254
3224	42
3225	734
3226	1655
3227	843
3228	1543
3229	2468
3230	1969
3231	2047
3232	1269
3233	101
3234	1609
3235	67
3236	1725
3237	2436
3238	1664
3239	67
3240	59
3241	1461
3242	56
3243	2306
3244	487
3245	2065
3246	2357
3247	836
3248	535
3249	1635
3250	1193
3251	2466
3252	265
3253	545
3254	407
3255	1288
3256	61
3257	2052
3258	1875
3259	628
3260	1583
3261	676
3262	425
3263	1379
3264	1224
3265	1122
3266	947
3267	1511
3268	1969
3269	77
3270	2271
3271	518
3272	1255
3273	1944
3274	1855
3275	1872
3276	460
3277	659
3278	1079
3279	85
3280	77
3281	984
3282	1541
3283	88
3284	82
3285	2007
3286	1864
3287	1611
3288	1092
3289	1015
3290	2484
3291	1362
3292	1302
3293	48
3294	1352
3295	482
3296	2434
3297	1983
3298	1495
3299	1321
3300	1874
3301	590
3302	179
3303	2313
3304	2033
3305	247
3306	318
3307	1204
3308	487
3309	628
3310	123
3311	1147
3312	1086
3313	1021
3314	1120
3315	842
3316	2030
3317	1444
3318	1800
3319	2248
3320	283
3321	678
3322	447
3323	1412
3324	2036
3325	1527
3326	1066
3327	370
3328	141
3329	143
3330	113
3331	146
3332	683
3333	1008
3334	2018
3335	1016
3336	1472
3337	1235
3338	355
3339	16
3340	594
3341	164
3342	1167
3343	1839
3344	1687
3345	1646
3346	995
3347	1832
3348	695
3349	646
3350	1044
3351	1530
3352	998
3353	1140
3354	2468
3355	628
3356	1072
3357	987
3358	975
3359	2186
3360	2287
3361	618
3362	651
3363	819
3364	1150
3365	936
3366	907
3367	628
3368	2021
3369	1396
3370	1459
3371	2456
3372	72
3373	956
3374	62
3375	2244
3376	1635
3377	1832
3378	441
3379	987
3380	186
3381	2099
3382	2452
3383	2154
3384	31
3385	1318
3386	2019
3387	1979
3388	2248
3389	230
3390	176
3391	1939
3392	2158
3393	81
3394	1123
3395	1000
3396	1150
3397	1390
3398	1502
3399	2023
3400	1343
3401	1731
3402	46
3403	1539
3404	1887
3405	1895
3406	250
3407	1234
3408	1513
3409	2159
3410	712
3411	2061
3412	561
3413	193
3414	1693
3415	2369
3416	1559
3417	162
3418	1235
3419	680
3420	985
3421	695
3422	718
3423	2113
3424	1703
3425	1132
3426	561
3427	1761
3428	2147
3429	637
3430	319
3431	1934
3432	735
3433	1408
3434	228
3435	501
3436	1396
3437	1874
3438	2082
3439	231
3440	232
3441	1814
3442	1969
3443	140
3444	628
3445	1138
3446	2378
3447	500
3448	875
3449	100
3450	1509
3451	1442
3452	270
3453	811
3454	2304
3455	1635
3456	2052
3457	2434
3458	1929
3459	2201
3460	1719
3461	985
3462	752
3463	1804
3464	810
3465	1944
3466	1025
3467	843
3468	2484
3469	84
3470	1722
3471	1387
3472	1265
3473	257
3474	306
3475	2309
3476	1449
3477	2464
3478	1874
3479	816
3480	654
3481	1781
3482	1462
3483	2345
3484	238
3485	1599
3486	1041
3487	63
3488	2007
3489	784
3490	2024
3491	940
3492	178
3493	536
3494	460
3495	1318
3496	273
3497	2105
3498	235
3499	1357
3500	280
3501	2059
3502	1725
3503	828
3504	2419
3505	2255
3506	430
3507	788
3508	1599
3509	1347
3510	1133
3511	479
3512	1636
3513	375
3514	1534
3515	768
3516	1565
3517	2307
3518	2342
3519	1649
3520	843
3521	766
3522	1792
3523	771
3524	1594
3525	1166
3526	1987
3527	1724
3528	640
3529	1508
3530	299
3531	301
3532	325
3533	695
3534	258
3535	1383
3536	309
3537	2375
3538	1590
3539	2007
3540	2068
3541	2103
3542	1937
3543	763
3544	1706
3545	936
3546	152
3547	1241
3548	2353
3549	469
3550	1866
3551	2361
3552	1160
3553	2361
3554	267
3555	762
3556	326
3557	327
3558	257
3559	2103
3560	134
3561	1671
3562	1720
3563	985
3564	1705
3565	1605
3566	1557
3567	406
3568	1583
3569	1635
3570	1400
3571	635
3572	670
3573	816
3574	2375
3575	1817
3576	318
3577	2307
3578	618
3579	561
3580	536
3581	1944
3582	2233
3583	2356
3584	2103
3585	2262
3586	809
3587	217
3588	1308
3589	2470
3590	1969
3591	1265
3592	88
3593	1935
3594	1545
3595	851
3596	834
3597	2456
3598	2434
3599	211
3600	565
3601	447
3602	1725
3603	1487
3604	1306
3605	2432
3606	971
3607	1294
3608	1531
3609	987
3610	1032
3611	2468
3612	834
3613	534
3614	985
3615	364
3616	2007
3617	2344
3618	1406
3619	372
3620	95
3621	1911
3622	377
3623	1725
3624	1623
3625	2452
3626	1893
3627	1813
3628	2284
3629	71
3630	1414
3631	1344
3632	386
3633	621
3634	630
3635	1294
3636	1397
3637	387
3638	785
3639	389
3640	1119
3641	390
3642	808
3643	1924
3644	2007
3645	1509
3646	2436
3647	1013
3648	2048
3649	1037
3650	995
3651	401
3652	2472
3653	1725
3654	1139
3655	1643
3656	2406
3657	1420
3658	150
3659	353
3660	2484
3661	224
3662	2417
3663	1840
3664	2007
3665	415
3666	816
3667	1718
3668	1044
3669	78
3670	813
3671	843
3672	2221
3673	1928
3674	353
3675	420
3676	1731
3677	1951
3678	884
3679	835
3680	306
3681	708
3682	449
3683	166
3684	1012
3685	1911
3686	2425
3687	414
3688	2452
3689	160
3690	604
3691	1899
3692	959
3693	601
3694	879
3695	1075
3696	695
3697	2245
3698	310
3699	1008
3700	2107
3701	247
3702	1973
3703	505
3704	1461
3705	2450
3706	931
3707	1099
3708	257
3709	62
3710	1265
3711	2008
3712	1722
3713	2007
3714	628
3715	1698
3716	2452
3717	960
3718	780
3719	930
3720	623
3721	1241
3722	1635
3723	1327
3724	1334
3725	790
3726	678
3727	1636
3728	907
3729	2401
3730	391
3731	2089
3732	1765
3733	2344
3734	365
3735	252
3736	1909
3737	1177
3738	570
3739	712
3740	744
3741	1359
3742	1479
3743	298
3744	1721
3745	460
3746	674
3747	162
3748	738
3749	2319
3750	272
3751	632
3752	1927
3753	1129
3754	2465
3755	1205
3756	2233
3757	1350
3758	2436
3759	330
3760	1991
3761	1296
3762	211
3763	422
3764	2195
3765	1585
3766	351
3767	710
3768	1621
3769	859
3770	318
3771	489
3772	1306
3773	701
3774	1000
3775	796
3776	1575
3777	1209
3778	2278
3779	1344
3780	2097
3781	534
3782	2344
3783	2335
3784	1944
3785	2315
3786	36
3787	2065
3788	958
3789	1501
3790	785
3791	128
3792	1727
3793	2362
3794	955
3795	1802
3796	1539
3797	1520
3798	2031
3799	989
3800	1886
3801	198
3802	1830
3803	1325
3804	1276
3805	1266
3806	516
3807	1022
3808	1281
3809	2021
3810	1203
3811	628
3812	997
3813	2212
3814	1778
3815	167
3816	1934
3817	201
3818	2452
3819	1689
3820	995
3821	2434
3822	1509
3823	1636
3824	126
3825	2434
3826	985
3827	2272
3828	1143
3829	1833
3830	384
3831	226
3832	2103
3833	623
3834	691
3835	1409
3836	1888
3837	910
3838	1575
3839	1851
3840	537
3841	131
3842	805
3843	1874
3844	544
3845	1167
3846	353
3847	2092
3848	1896
3849	547
3850	1068
3851	1091
3852	2310
3853	2302
3854	367
3855	2014
3856	981
3857	1944
3858	2411
3859	1485
3860	1314
3861	538
3862	557
3863	260
3864	942
3865	2132
3866	2409
3867	561
3868	2324
3869	1426
3870	562
3871	1477
3872	1015
3873	634
3874	1930
3875	566
3876	1714
3877	2360
3878	2148
3879	630
3880	2234
3881	16
3882	685
3883	1635
3884	1590
3885	1207
3886	1058
3887	1899
3888	1962
3889	387
3890	580
3891	533
3892	1048
3893	2056
3894	1106
3895	351
3896	114
3897	1154
3898	2210
3899	432
3900	1406
3901	726
3902	59
3903	1809
3904	1824
3905	1825
3906	542
3907	326
3908	41
3909	1901
3910	1707
3911	2061
3912	448
3913	987
3914	1821
3915	551
3916	647
3917	955
3918	594
3919	2336
3920	1937
3921	2020
3922	2484
3923	1840
3924	2053
3925	1535
3926	1257
3927	1871
3928	2101
3929	2301
3930	2454
3931	537
3932	1135
3933	1720
3934	122
3935	1659
3936	705
3937	2457
3938	449
3939	1361
3940	1121
3941	235
3942	2388
3943	1544
3944	56
3945	2114
3946	503
3947	1658
3948	1555
3949	1200
3950	1313
3951	144
3952	457
3953	1093
3954	1664
3955	626
3956	2398
3957	935
3958	656
3959	1770
3960	414
3961	1635
3962	227
3963	1663
3964	1675
3965	1088
3966	740
3967	2103
3968	109
3969	635
3970	2248
3971	56
3972	447
3973	1227
3974	2007
3975	1557
3976	995
3977	1635
3978	1874
3979	1446
3980	1331
3981	1453
3982	1680
3983	1867
3984	2173
3985	1944
3986	1005
3987	2229
3988	1076
3989	1558
3990	2229
3991	661
3992	2288
3993	412
3994	374
3995	63
3996	2344
3997	1559
3998	2305
3999	795
4000	559
4001	987
4002	1240
4003	2226
4004	2374
4005	1362
4006	1962
4007	1944
4008	2077
4009	1786
4010	254
4011	3
4012	1944
4013	1127
4014	1974
4015	4
4016	675
4017	1083
4018	117
4019	259
4020	1085
4021	1897
4022	1895
4023	1635
4024	2473
4025	2274
4026	323
4027	155
4028	2216
4029	2262
4030	1622
4031	679
4032	1590
4033	1683
4034	2314
4035	2394
4036	379
4037	2081
4038	883
4039	1927
4040	1580
4041	2484
4042	961
4043	687
4044	1753
4045	1874
4046	1763
4047	1163
4048	426
4049	1557
4050	962
4051	1323
4052	816
4053	822
4054	2144
4055	1350
4056	189
4057	1693
4058	561
4059	1440
4060	2387
4061	1875
4062	448
4063	1501
4064	1281
4065	561
4066	714
4067	316
4068	426
4069	482
4070	1060
4071	1841
4072	880
4073	640
4074	1494
4075	379
4076	2363
4077	1945
4078	426
4079	725
4080	2131
4081	727
4082	1557
4083	794
4084	952
4085	2462
4086	702
4087	2055
4088	2086
4089	1180
4090	1635
4091	253
4092	1273
4093	2069
4094	2416
4095	2333
4096	635
4097	1656
4098	348
4099	1567
4100	1379
4101	259
4102	554
4103	379
4104	803
4105	500
4106	678
4107	1565
4108	2007
4109	479
4110	1942
4111	960
4112	1474
4113	604
4114	1398
4115	1700
4116	1373
4117	1832
4118	267
4119	1509
4120	1958
4121	2109
4122	597
4123	765
4124	2273
4125	1725
4126	2196
4127	2103
4128	196
4129	1654
4130	2007
4131	1307
4132	1720
4133	2233
4134	1775
4135	628
4136	1635
4137	2444
4138	1976
4139	1484
4140	2023
4141	1202
4142	782
4143	1787
4144	1324
4145	1405
4146	898
4147	1873
4148	950
4149	1008
4150	1613
4151	223
4152	2101
4153	353
4154	2415
4155	722
4156	2109
4157	447
4158	1727
4159	1752
4160	891
4161	628
4162	795
4163	539
4164	569
4165	2224
4166	1167
4167	95
4168	283
4169	942
4170	2391
4171	2425
4172	1726
4173	807
4174	1229
4175	46
4176	2074
4177	1288
4178	1724
4179	614
4180	35
4181	1552
4182	1367
4183	2407
4184	988
4185	139
4186	777
4187	843
4188	2001
4189	2248
4190	2484
4191	2103
4192	792
4193	928
4194	2408
4195	2409
4196	1485
4197	1800
4198	987
4199	1944
4200	391
4201	1377
4202	1101
4203	179
4204	1134
4205	1635
4206	2038
4207	1228
4208	644
4209	2293
4210	521
4211	1636
4212	821
4213	987
4214	1684
4215	871
4216	837
4217	1436
4218	778
4219	743
4220	2344
4221	796
4222	1635
4223	1524
4224	846
4225	848
4226	2052
4227	21
4228	969
4229	2180
4230	2196
4231	1568
4232	2009
4233	854
4234	632
4235	963
4236	2172
4237	561
4238	1195
4239	388
4240	927
4241	2017
4242	1337
4243	67
4244	532
4245	1700
4246	983
4247	866
4248	1934
4249	794
4250	1419
4251	1124
4252	822
4253	1501
4254	2297
4255	2369
4256	1311
4257	427
4258	44
4259	793
4260	2024
4261	874
4262	2283
4263	954
4264	1789
4265	1061
4266	261
4267	2480
4268	1874
4269	426
4270	1791
4271	210
4272	197
4273	426
4274	181
4275	1725
4276	2220
4277	1509
4278	863
4279	1731
4280	880
4281	371
4282	1010
4283	728
4284	304
4285	818
4286	733
4287	250
4288	283
4289	1946
4290	1533
4291	859
4292	58
4293	1872
4294	1036
4295	895
4296	2403
4297	2021
4298	1969
4299	229
4300	1716
4301	146
4302	887
4303	539
4304	319
4305	2340
4306	2233
4307	1046
4308	1131
4309	519
4310	1454
4311	70
4312	1243
4313	2283
4314	556
4315	1874
4316	42
4317	561
4318	2049
4319	931
4320	812
4321	501
4322	2226
4323	1008
4324	1340
4325	360
4326	2414
4327	2003
4328	928
4329	695
4330	592
4331	1310
4332	1229
4333	2185
4334	884
4335	2007
4336	2282
4337	2167
4338	233
4339	1014
4340	2078
4341	1012
4342	1018
4343	278
4344	1557
4345	448
4346	324
4347	987
4348	1679
4349	1704
4350	714
4351	79
4352	1553
4353	1874
4354	140
4355	1166
4356	843
4357	982
4358	1314
4359	2057
4360	2332
4361	1928
4362	1944
4363	2040
4364	2454
4365	36
4366	267
4367	1232
4368	987
4369	1436
4370	1969
4371	137
4372	1443
4373	436
4374	962
4375	2059
4376	1298
4377	432
4378	1387
4379	966
4380	967
4381	1838
4382	750
4383	2346
4384	1038
4385	396
4386	366
4387	246
4388	1833
4389	1252
4390	872
4391	1875
4392	1528
4393	271
4394	1795
4395	1229
4396	1561
4397	769
4398	1315
4399	1982
4400	1057
4401	812
4402	1499
4403	1874
4404	986
4405	2442
4406	2312
4407	75
4408	1416
4409	1952
4410	1635
4411	1465
4412	1274
4413	2452
4414	145
4415	1185
4416	2452
4417	1006
4418	275
4419	330
4420	899
4421	966
4422	572
4423	1347
4424	451
4425	2230
4426	617
4427	2398
4428	1725
4429	1903
4430	1992
4431	246
4432	370
4433	1944
4434	752
4435	887
4436	1945
4437	861
4438	1967
4439	1295
4440	481
4441	63
4442	2054
4443	1465
4444	1932
4445	1552
4446	63
4447	79
4448	121
4449	1092
4450	1195
4451	1509
4452	1035
4453	1843
4454	1049
4455	1920
4456	636
4457	1410
4458	1571
4459	1848
4460	2081
4461	574
4462	1638
4463	1261
4464	1051
4465	1330
4466	1470
4467	946
4468	69
4469	614
4470	2351
4471	1188
4472	1768
4473	592
4474	2072
4475	1973
4476	2254
4477	655
4478	1049
4479	1431
4480	2481
4481	2207
4482	965
4483	2202
4484	62
4485	1267
4486	2007
4487	733
4488	2452
4489	628
4490	2457
4491	2180
4492	2103
4493	1042
4494	613
4495	2065
4496	1248
4497	67
4498	2375
4499	1187
4500	1808
4501	1070
4502	1132
4503	2354
4504	1991
4505	809
4506	1052
4507	1945
4508	1909
4509	1952
4510	455
4511	998
4512	119
4513	2321
4514	540
4515	2103
4516	900
4517	1059
4518	406
4519	1184
4520	1973
4521	1084
4522	1441
4523	42
4524	425
4525	747
4526	1626
4527	640
4528	1248
4529	2168
4530	1599
4531	1261
4532	987
4533	1144
4534	1319
4535	1944
4536	2284
4537	2288
4538	1253
4539	1290
4540	453
4541	1758
4542	1756
4543	1635
4544	1987
4545	1705
4546	715
4547	204
4548	1124
4549	1097
4550	453
4551	1140
4552	987
4553	2083
4554	1973
4555	1031
4556	2136
4557	62
4558	1872
4559	695
4560	1455
4561	752
4562	1306
4563	1170
4564	338
4565	404
4566	530
4567	34
4568	1636
4569	1874
4570	2393
4571	1859
4572	1178
4573	1635
4574	1004
4575	985
4576	1034
4577	166
4578	1119
4579	1111
4580	125
4581	2285
4582	257
4583	1928
4584	843
4585	2478
4586	495
4587	1067
4588	1202
4589	2144
4590	891
4591	2302
4592	751
4593	2032
4594	107
4595	426
4596	1606
4597	944
4598	1013
4599	2254
4600	2256
4601	812
4602	635
4603	615
4604	987
4605	216
4606	353
4607	410
4608	604
4609	628
4610	615
4611	1181
4612	693
4613	561
4614	1574
4615	1687
4616	1445
4617	800
4618	1076
4619	1874
4620	2136
4621	1159
4622	2258
4623	1257
4624	1509
4625	1895
4626	561
4627	1068
4628	1967
4629	1727
4630	2284
4631	156
4632	1133
4633	1956
4634	1014
4635	886
4636	210
4637	987
4638	2425
4639	1777
4640	1687
4641	1733
4642	1667
4643	456
4644	1074
4645	882
4646	1008
4647	452
4648	1166
4649	2161
4650	2046
4651	1944
4652	2074
4653	1629
4654	247
4655	1448
4656	1891
4657	351
4658	306
4659	2150
4660	1123
4661	1749
4662	628
4663	1944
4664	650
4665	625
4666	2436
4667	1011
4668	314
4669	1508
4670	66
4671	56
4672	1210
4673	2254
4674	228
4675	842
4676	934
4677	782
4678	604
4679	1131
4680	1010
4681	686
4682	295
4683	101
4684	2248
4685	545
4686	2433
4687	25
4688	505
4689	995
4690	2193
4691	81
4692	215
4693	1095
4694	1928
4695	2026
4696	879
4697	888
4698	2341
4699	1168
4700	268
4701	518
4702	1875
4703	695
4704	1854
4705	2107
4706	2268
4707	695
4708	322
4709	752
4710	1614
4711	1174
4712	2037
4713	2248
4714	719
4715	809
4716	1875
4717	1916
4718	175
4719	319
4720	903
4721	480
4722	1488
4723	1254
4724	1089
4725	889
4726	44
4727	406
4728	1875
4729	1073
4730	667
4731	779
4732	1055
4733	985
4734	2281
4735	246
4736	415
4737	974
4738	1236
4739	1626
4740	1575
4741	1113
4742	1279
4743	2484
4744	872
4745	2472
4746	2454
4747	2038
4748	932
4749	1144
4750	357
4751	1781
4752	628
4753	1935
4754	1888
4755	564
4756	448
4757	867
4758	1287
4759	502
4760	1858
4761	1664
4762	1411
4763	649
4764	604
4765	2144
4766	35
4767	1289
4768	1573
4769	2237
4770	1635
4771	872
4772	748
4773	2052
4774	604
4775	1186
4776	861
4777	2272
4778	1894
4779	1007
4780	168
4781	1821
4782	1667
4783	45
4784	860
4785	813
4786	2259
4787	1261
4788	1635
4789	118
4790	843
4791	2456
4792	170
4793	1655
4794	2168
4795	1339
4796	1301
4797	785
4798	2336
4799	445
4800	50
4801	1077
4802	466
4803	1025
4804	844
4805	1673
4806	1932
4807	819
4808	1306
4809	561
4810	957
4811	641
4812	730
4813	1110
4814	1197
4815	2010
4816	1128
4817	2277
4818	1787
4819	1166
4820	817
4821	231
4822	1828
4823	947
4824	1635
4825	422
4826	1501
4827	2302
4828	353
4829	79
4830	26
4831	512
4832	2344
4833	2254
4834	1600
4835	2009
4836	567
4837	1076
4838	330
4839	1548
4840	985
4841	1062
4842	957
4843	1875
4844	2456
4845	367
4846	1108
4847	1333
4848	1033
4849	2421
4850	1944
4851	107
4852	1335
4853	198
4854	2369
4855	550
4856	984
4857	1945
4858	1653
4859	2330
4860	1091
4861	156
4862	623
4863	1552
4864	2393
4865	1804
4866	1345
4867	401
4868	2144
4869	2425
4870	1113
4871	1604
4872	87
4873	1635
4874	623
4875	2346
4876	987
4877	1635
4878	1203
4879	300
4880	1276
4881	1216
4882	2379
4883	1690
4884	129
4885	530
4886	511
4887	281
4888	444
4889	867
4890	1140
4891	944
4892	1024
4893	1915
4894	382
4895	2484
4896	832
4897	940
4898	123
4899	518
4900	67
4901	1874
4902	769
4903	1957
4904	979
4905	986
4906	1171
4907	409
4908	1367
4909	1991
4910	588
4911	316
4912	1341
4913	345
4914	1691
4915	389
4916	2292
4917	985
4918	759
4919	1306
4920	1248
4921	1383
4922	812
4923	116
4924	1172
4925	1748
4926	890
4927	448
4928	2111
4929	1162
4930	1076
4931	1390
4932	1739
4933	426
4934	1923
4935	1025
4936	2264
4937	407
4938	834
4939	1577
4940	34
4941	1221
4942	2021
4943	804
4944	909
4945	2344
4946	2254
4947	330
4948	851
4949	1891
4950	2141
4951	1019
4952	1132
4953	1414
4954	777
4955	1403
4956	2290
4957	1874
4958	571
4959	2182
4960	2007
4961	734
4962	307
4963	1881
4964	1403
4965	2452
4966	23
4967	680
4968	1829
4969	1374
4970	1821
4971	62
4972	1423
4973	463
4974	2033
4975	2036
4976	1166
4977	1082
4978	843
4979	1635
4980	1435
4981	1270
4982	1880
4983	2248
4984	937
4985	255
4986	1257
4987	1252
4988	79
4989	1440
4990	1429
4991	267
4992	1739
4993	1620
4994	1559
4995	1594
4996	1106
4997	1804
4998	556
4999	2187
5000	35
5001	1031
5002	394
5003	1944
5004	1455
5005	93
5006	1875
5007	1189
5008	1734
5009	1905
5010	1864
5011	572
5012	991
5013	1895
5014	1508
5015	509
5016	1747
5017	2409
5018	2456
5019	1010
5020	1368
5021	1461
5022	891
5023	426
5024	2311
5025	2273
5026	1833
5027	55
5028	795
5029	268
5030	30
5031	1775
5032	800
5033	2386
5034	499
5035	406
5036	423
5037	1136
5038	944
5039	1614
5040	1713
5041	1008
5042	1481
5043	1409
5044	518
5045	2248
5046	1490
5047	231
5048	1193
5049	1491
5050	2197
5051	1595
5052	1944
5053	66
5054	1216
5055	945
5056	1132
5057	1131
5058	1501
5059	1151
5060	139
5061	449
5062	1394
5063	2456
5064	1747
5065	609
5066	784
5067	1944
5068	2103
5069	530
5070	1861
5071	1367
5072	1510
5073	2051
5074	2456
5075	770
5076	1189
5077	2360
5078	2007
5079	1895
5080	1306
5081	2359
5082	891
5083	1429
5084	891
5085	1046
5086	1524
5087	67
5088	1790
5089	794
5090	635
5091	1099
5092	604
5093	1095
5094	2251
5095	926
5096	624
5097	2351
5098	101
5099	815
5100	2007
5101	1440
5102	1673
5103	474
5104	1008
5105	1043
5106	321
5107	1935
5108	1900
5109	2438
5110	1689
5111	534
5112	2227
5113	2472
5114	1299
5115	1546
5116	255
5117	1964
5118	1931
5119	1072
5120	45
5121	1558
5122	1550
5123	1551
5124	816
5125	2217
5126	739
5127	2178
5128	1092
5129	2315
5130	1557
5131	783
5132	406
5133	1467
5134	1367
5135	543
5136	2000
5137	440
5138	2103
5139	1507
5140	843
5141	2456
5142	1755
5143	2484
5144	646
5145	1707
5146	1787
5147	2007
5148	6
5149	2296
5150	2388
5151	406
5152	2271
5153	1433
5154	712
5155	2213
5156	1353
5157	1584
5158	120
5159	1701
5160	1941
5161	865
5162	2462
5163	2129
5164	1095
5165	1796
5166	539
5167	2473
5168	794
5169	1300
5170	1700
5171	1109
5172	1316
5173	1635
5174	1925
5175	1622
5176	987
5177	263
5178	2380
5179	1603
5180	1607
5181	1780
5182	2016
5183	1635
5184	259
5185	1056
5186	1944
5187	2451
5188	1970
5189	1944
5190	426
5191	1625
5192	2419
5193	1825
5194	2351
5195	878
5196	1380
5197	1627
5198	843
5199	1104
5200	2288
5201	1821
5202	987
5203	618
5204	1630
5205	2162
5206	1395
5207	2377
5208	1187
5209	353
5210	1495
5211	2329
5212	47
5213	127
5214	734
5215	1732
5216	1689
5217	794
5218	1874
5219	2179
5220	787
5221	1367
5222	2339
5223	1647
5224	51
5225	1140
5226	351
5227	1635
5228	1336
5229	1367
5230	2021
5231	754
5232	2184
5233	839
5234	2451
5235	1558
5236	1635
5237	1014
5238	1875
5239	646
5240	1367
5241	1689
5242	637
5243	1252
5244	1875
5245	166
5246	1635
5247	2426
5248	785
5249	1670
5250	2057
5251	329
5252	347
5253	1635
5254	1725
5255	2361
5256	1131
5257	1465
5258	319
5259	1944
5260	1264
5261	1202
5262	1534
5263	402
5264	520
5265	1944
5266	1536
5267	1875
5268	1391
5269	454
5270	1700
5271	880
5272	1751
5273	462
5274	2474
5275	1462
5276	2129
5277	1579
5278	1369
5279	1636
5280	1101
5281	292
5282	2007
5283	384
5284	1944
5285	1896
5286	1980
5287	2100
5288	1588
5289	1393
5290	2454
5291	1368
5292	1631
5293	1418
5294	2324
5295	1380
5296	136
5297	1377
5298	2456
5299	1944
5300	2325
5301	1306
5302	1723
5303	801
5304	1571
5305	2034
5306	985
5307	895
5308	1944
5309	45
5310	1874
5311	2340
5312	610
5313	570
5314	2085
5315	425
5316	182
5317	220
5318	333
5319	1180
5320	2468
5321	2346
5322	2182
5323	177
5324	2483
5325	2415
5326	777
5327	1965
5328	566
5329	2123
5330	1902
5331	1950
5332	787
5333	453
5334	2222
5335	1539
5336	1984
5337	1851
5338	1063
5339	751
5340	447
5341	1635
5342	1008
5343	2456
5344	1750
5345	2155
5346	1230
5347	308
5348	2325
5349	1636
5350	1757
5351	795
5352	700
5353	2401
5354	1766
5355	438
5356	2484
5357	327
5358	1970
5359	1601
5360	930
5361	1146
5362	1864
5363	1763
5364	1367
5365	1556
5366	1008
5367	1767
5368	663
5369	2372
5370	843
5371	995
5372	1924
5373	2233
5374	248
5375	1076
5376	1865
5377	751
5378	9
5379	654
5380	436
5381	2300
5382	953
5383	263
5384	1252
5385	795
5386	2087
5387	695
5388	2109
5389	1776
5390	1464
5391	640
5392	425
5393	2202
5394	1403
5395	487
5396	1657
5397	193
5398	232
5399	792
5400	628
5401	1157
5402	303
5403	494
5404	251
5405	891
5406	1117
5407	1244
5408	1635
5409	2028
5410	116
5411	1650
5412	1506
5413	461
5414	1875
5415	1670
5416	2074
5417	2372
5418	1076
5419	493
5420	1239
5421	1141
5422	645
5423	2136
5424	801
5425	338
5426	323
5427	639
5428	1635
5429	108
5430	117
5431	1330
5432	1358
5433	1598
5434	2159
5435	2462
5436	220
5437	139
5438	987
5439	2025
5440	671
5441	2376
5442	553
5443	1703
5444	521
5445	2047
5446	232
5447	2
5448	1516
5449	1350
5450	2285
5451	444
5452	1665
5453	1384
5454	505
5455	1527
5456	783
5457	1063
5458	752
5459	1727
5460	1438
5461	1944
5462	867
5463	2318
5464	1336
5465	238
5466	1388
5467	2471
5468	2018
5469	482
5470	664
5471	2335
5472	1048
5473	2403
5474	889
5475	151
5476	385
5477	2346
5478	2031
5479	345
5480	535
5481	2166
5482	390
5483	508
5484	822
5485	1969
5486	1875
5487	1164
5488	1857
5489	1280
5490	801
5491	731
5492	1831
5493	2100
5494	1006
5495	978
5496	460
5497	2113
5498	1863
5499	450
5500	351
5501	1590
5502	829
5503	878
5504	2303
5505	1867
5506	942
5507	558
5508	1624
5509	2422
5510	699
5511	732
5512	255
5513	449
5514	847
5515	1220
5516	1981
5517	283
5518	1810
5519	2457
5520	553
5521	950
5522	2419
5523	1635
5524	2175
5525	1472
5526	1076
5527	292
5528	1877
5529	97
5530	2168
5531	1649
5532	1882
5533	1635
5534	2151
5535	2302
5536	365
5537	1887
5538	871
5539	1731
5540	879
5541	1047
5542	1870
5543	1457
5544	1944
5545	403
5546	715
5547	2007
5548	1969
5549	1024
5550	20
5551	716
5552	1054
5553	1518
5554	1764
5555	1362
5556	2456
5557	566
5558	893
5559	22
5560	711
5561	539
5562	1725
5563	2468
5564	1667
5565	867
5566	1458
5567	2367
5568	461
5569	1206
5570	997
5571	917
5572	1008
5573	285
5574	1938
5575	2007
5576	1538
5577	789
5578	2268
5579	2223
5580	2240
5581	1905
5582	1947
5583	1949
5584	460
5585	2369
5586	1030
5587	2374
5588	2361
5589	1385
5590	370
5591	2445
5592	99
5593	45
5594	2100
5595	1974
5596	1882
5597	370
5598	2262
5599	1735
5600	2086
5601	1984
5602	872
5603	1176
5604	2189
5605	1320
5606	1969
5607	2456
5608	2007
5609	449
5610	2237
5611	570
5612	191
5613	1404
5614	406
5615	1694
5616	1361
5617	1064
5618	646
5619	1648
5620	1875
5621	1033
5622	794
5623	2456
5624	1646
5625	2456
5626	1635
5627	599
5628	420
5629	628
5630	695
5631	484
5632	1730
5633	1218
5634	987
5635	72
5636	2407
5637	1179
5638	50
5639	703
5640	2456
5641	1725
5642	1367
5643	834
5644	809
5645	29
5646	2042
5647	2285
5648	811
5649	801
5650	2418
5651	1852
5652	1602
5653	612
5654	628
5655	1442
5656	2056
5657	608
5658	2109
5659	1793
5660	1709
5661	994
5662	129
5663	67
5664	1980
5665	1223
5666	439
5667	1038
5668	1231
5669	1585
5670	2152
5671	2186
5672	2009
5673	1371
5674	2343
5675	1945
5676	2024
5677	728
5678	1680
5679	1736
5680	1483
5681	987
5682	997
5683	1808
5684	790
5685	2196
5686	2414
5687	795
5688	2103
5689	321
5690	1635
5691	801
5692	953
5693	852
5694	572
5695	2454
5696	1130
5697	908
5698	2147
5699	785
5700	1367
5701	1475
5702	1821
5703	2254
5704	418
5705	1231
5706	2052
5707	2469
5708	166
5709	1729
5710	2163
5711	734
5712	2066
5713	2374
5714	2055
5715	743
5716	628
5717	936
5718	1116
5719	1635
5720	1725
5721	1490
5722	1836
5723	1688
5724	1777
5725	470
5726	991
5727	713
5728	172
5729	1189
5730	1895
5731	2462
5732	891
5733	1504
5734	528
5735	1830
5736	695
5737	328
5738	1685
5739	1524
5740	1692
5741	1731
5742	755
5743	2349
5744	1277
5745	2078
5746	461
5747	2262
5748	2454
5749	2238
5750	2050
5751	184
5752	2213
5753	1040
5754	257
5755	553
5756	1427
5757	2395
5758	672
5759	743
5760	2327
5761	2477
5762	1350
5763	1983
5764	1687
5765	1575
5766	896
5767	301
5768	2456
5769	1968
5770	1686
5771	391
5772	1976
5773	1248
5774	211
5775	2192
5776	602
5777	1240
5778	2182
5779	306
5780	328
5781	2452
5782	915
5783	1330
5784	1987
5785	2380
5786	28
5787	425
5788	1367
5789	746
5790	1874
5791	1635
5792	1970
5793	1822
5794	1525
5795	1874
5796	1864
5797	206
5798	2108
5799	1239
5800	1958
5801	1235
5802	1008
5803	1635
5804	920
5805	2117
5806	1714
5807	2120
5808	691
5809	2119
5810	1415
5811	867
5812	2055
5813	2126
5814	1699
5815	135
5816	1296
5817	2130
5818	238
5819	1340
5820	262
5821	2136
5822	1684
5823	755
5824	607
5825	1961
5826	747
5827	2043
5828	628
5829	1072
5830	1804
5831	1307
5832	678
5833	2142
5834	833
5835	205
5836	1509
5837	1628
5838	1769
5839	1230
5840	1727
5841	259
5842	2483
5843	1509
5844	641
5845	1416
5846	1944
5847	1635
5848	918
5849	1267
5850	268
5851	1177
5852	2366
5853	2155
5854	2047
5855	1596
5856	2360
5857	1509
5858	2165
5859	305
5860	436
5861	1182
5862	970
5863	1822
5864	2169
5865	900
5866	1944
5867	1376
5868	242
5869	1344
5870	628
5871	481
5872	1013
5873	1828
5874	1875
5875	684
5876	1702
5877	1557
5878	2229
5879	845
5880	1592
5881	987
5882	2053
5883	1219
5884	1631
5885	219
5886	582
5887	1417
5888	885
5889	1874
5890	1674
5891	1374
5892	1076
5893	1811
5894	897
5895	2271
5896	523
5897	2117
5898	2084
5899	274
5900	168
5901	604
5902	572
5903	1997
5904	871
5905	1049
5906	348
5907	628
5908	680
5909	2272
5910	359
5911	1967
5912	2005
5913	991
5914	2440
5915	747
5916	1710
5917	369
5918	2382
5919	114
5920	1401
5921	1830
5922	2047
5923	628
5924	677
5925	1588
5926	2060
5927	2332
5928	995
5929	857
5930	1725
5931	879
5932	1991
5933	2468
5934	419
5935	658
5936	1247
5937	60
5938	689
5939	1245
5940	995
5941	1720
5942	406
5943	482
5944	516
5945	2064
5946	2248
5947	2239
5948	2022
5949	417
5950	1025
5951	368
5952	2113
5953	1635
5954	562
5955	2422
5956	2106
5957	564
5958	843
5959	851
5960	485
5961	628
5962	1472
5963	2202
5964	999
5965	1489
5966	1886
5967	2257
5968	1165
5969	836
5970	406
5971	2376
5972	487
5973	848
5974	187
5975	1090
5976	2029
5977	1331
5978	1350
5979	1283
5980	353
5981	568
5982	447
5983	428
5984	1635
5985	1570
5986	678
5987	2272
5988	2273
5989	1350
5990	879
5991	987
5992	787
5993	232
5994	2279
5995	283
5996	547
5997	1655
5998	2149
5999	1954
6000	433
6001	742
6002	1650
6003	1149
6004	1465
6005	2291
6006	1552
6007	987
6008	905
6009	1048
6010	1635
6011	1202
6012	561
6013	938
6014	222
6015	1918
6016	448
6017	674
6018	2272
6019	2484
6020	1586
6021	1366
6022	2480
6023	482
6024	1179
6025	820
6026	1696
6027	824
6028	319
6029	661
6030	843
6031	1874
6032	843
6033	2397
6034	1432
6035	106
6036	1141
6037	1408
6038	2323
6039	1248
6040	2021
6041	1798
6042	429
6043	2151
6044	2369
6045	2073
6046	2266
6047	1822
6048	2457
6049	1428
6050	1526
6051	2405
6052	2336
6053	1788
6054	1847
6055	801
6056	1359
6057	2136
6058	688
6059	1202
6060	733
6061	1167
6062	1952
6063	35
6064	951
6065	1746
6066	96
6067	45
6068	662
6069	307
6070	1100
6071	1731
6072	1626
6073	237
6074	2007
6075	481
6076	2153
6077	851
6078	1188
6079	776
6080	1833
6081	1252
6082	413
6083	2219
6084	2364
6085	2007
6086	1429
6087	1211
6088	2031
6089	1874
6090	1493
6091	1673
6092	1401
6093	2007
6094	695
6095	2454
6096	2183
6097	646
6098	518
6099	1591
6100	1263
6101	2215
6102	1306
6103	971
6104	1635
6105	452
6106	947
6107	23
6108	2314
6109	1944
6110	2187
6111	111
6112	1956
6113	188
6114	2365
6115	2169
6116	406
6117	447
6118	2369
6119	2484
6120	45
6121	410
6122	764
6123	1402
6124	1806
6125	431
6126	2388
6127	1008
6128	348
6129	624
6130	2191
6131	409
6132	55
6133	660
6134	1725
6135	2262
6136	80
6137	2314
6138	1113
6139	998
6140	424
6141	799
6142	947
6143	1961
6144	416
6145	2100
6146	1340
6147	1226
6148	426
6149	1067
6150	2433
6151	2412
6152	250
6153	1632
6154	1522
6155	710
6156	501
6157	2468
6158	1123
6159	1635
6160	346
6161	2303
6162	760
6163	1825
6164	867
6165	2344
6166	1241
6167	1807
6168	1377
6169	1001
6170	1116
6171	1216
6172	1944
6173	2118
6174	2484
6175	1941
6176	1876
6177	348
6178	2326
6179	1164
6180	1944
6181	786
6182	843
6183	1162
6184	2436
6185	251
6186	1655
6187	1727
6188	2441
6189	1018
6190	1976
6191	474
6192	635
6193	1008
6194	1430
6195	2417
6196	17
6197	227
6198	1601
6199	925
6200	334
6201	148
6202	2453
6203	2029
6204	1614
6205	1278
6206	173
6207	695
6208	871
6209	891
6210	1279
6211	1509
6212	743
6213	843
6214	251
6215	705
6216	1899
6217	957
6218	236
6219	480
6220	553
6221	1837
6222	906
6223	2373
6224	150
6225	231
6226	545
6227	1306
6228	1970
6229	2780
6230	2512
6231	12
6232	1973
6233	2549
6234	2800
6235	2489
6236	2732
6237	726
6238	2687
6239	1973
6240	2834
6241	2819
6242	2494
6243	726
6244	1973
6245	2834
6246	2756
6247	2800
6248	1973
6249	1198
6250	2799
6251	726
6252	1973
6253	2638
6254	2534
6255	2799
6256	1973
6257	1973
6258	1973
6259	2834
6260	1973
6261	2800
6262	2010
6263	2709
6264	2800
6265	2614
6266	2664
6267	2800
6268	2729
6269	726
6270	1973
6271	1973
6272	2509
6273	2545
6274	2511
6275	2800
6276	1291
6277	1973
6278	1973
6279	2809
6280	1973
6281	2561
6282	2503
6283	2543
6284	1973
6285	2800
6286	2819
6287	2714
6288	2800
6289	726
6290	2387
6291	2517
6292	1131
6293	1509
6294	726
6295	726
6296	726
6297	1973
6298	1973
6299	2800
6300	726
6301	726
6302	1291
6303	2834
6304	2833
6305	2800
6306	1973
6307	2799
6308	1291
6309	2800
6310	1973
6311	2525
6312	2779
6313	1973
6314	2501
6315	2564
6316	1973
6317	2528
6318	2529
6319	1973
6320	2387
6321	569
6322	2800
6323	2808
6324	1973
6325	1973
6326	2387
6327	2532
6328	2564
6329	1973
6330	2757
6331	2800
6332	2619
6333	2834
6334	1973
6335	832
6336	2531
6337	1973
6338	726
6339	2800
6340	2800
6341	2800
6342	2584
6343	726
6344	1951
6345	1973
6346	2544
6347	2587
6348	2718
6349	2745
6350	2800
6351	726
6352	2756
6353	246
6354	726
6355	1973
6356	2501
6357	1973
6358	2801
6359	726
6360	569
6361	1198
6362	2549
6363	2626
6364	1198
6365	2832
6366	2564
6367	2800
6368	2800
6369	2750
6370	2557
6371	2562
6372	2834
6373	2739
6374	1198
6375	2834
6376	1973
6377	2564
6378	1973
6379	2796
6380	2565
6381	726
6382	1973
6383	2679
6384	2583
6385	2800
6386	2831
6387	2718
6388	2800
6389	1291
6390	2661
6391	2800
6392	2818
6393	2694
6394	2837
6395	2682
6396	1445
6397	726
6398	2729
6399	2606
6400	2780
6401	726
6402	2800
6403	726
6404	726
6405	2756
6406	2834
6407	2575
6408	2576
6409	2592
6410	2533
6411	1973
6412	1291
6413	1973
6414	2800
6415	2387
6416	1198
6417	2834
6418	2623
6419	2549
6420	2834
6421	2487
6422	1198
6423	1825
6424	2585
6425	2593
6426	2570
6427	2834
6428	1291
6429	726
6430	2755
6431	2516
6432	1291
6433	2799
6434	2564
6435	1973
6436	2666
6437	1973
6438	2624
6439	2800
6440	1973
6441	2602
6442	2771
6443	2667
6444	1291
6445	2702
6446	1291
6447	2564
6448	2794
6449	1944
6450	2781
6451	1973
6452	1198
6453	726
6454	2819
6455	1973
6456	2834
6457	1973
6458	2611
6459	1973
6460	2568
6461	2540
6462	2613
6463	2599
6464	1198
6465	726
6466	726
6467	2800
6468	2618
6469	2638
6470	2756
6471	2606
6472	2549
6473	2800
6474	2622
6475	2691
6476	1973
6477	2834
6478	2802
6479	2525
6480	1291
6481	2515
6482	2653
6483	2510
6484	1973
6485	2628
6486	2800
6487	2629
6488	1973
6489	2149
6490	1973
6491	2834
6492	2749
6493	1973
6494	2834
6495	726
6496	2549
6497	1973
6498	726
6499	2633
6500	2800
6501	2168
6502	726
6503	2800
6504	2800
6505	1198
6506	2548
6507	1973
6508	2636
6509	726
6510	1973
6511	2678
6512	1698
6513	726
6514	2542
6515	2641
6516	2800
6517	2643
6518	2719
6519	2834
6520	2834
6521	2800
6522	1973
6523	1973
6524	1973
6525	1973
6526	2495
6527	1973
6528	2812
6529	2834
6530	726
6531	2800
6532	2646
6533	1973
6534	726
6535	726
6536	1973
6537	1973
6538	2670
6539	1973
6540	2578
6541	2253
6542	1973
6543	2799
6544	2387
6545	726
6546	2756
6547	2720
6548	1973
6549	2800
6550	2834
6551	726
6552	2749
6553	2810
6554	1973
6555	2650
6556	117
6557	1874
6558	2756
6559	2504
6560	2668
6561	2756
6562	2703
6563	2834
6564	2549
6565	2800
6566	1973
6567	2682
6568	2533
6569	2644
6570	2645
6571	726
6572	2640
6573	2834
6574	1973
6575	2535
6576	2834
6577	1973
6578	2686
6579	1198
6580	2653
6581	569
6582	726
6583	726
6584	2676
6585	2677
6586	2800
6587	2800
6588	2834
6589	2549
6590	1973
6591	1973
6592	2681
6593	2800
6594	2703
6595	2800
6596	916
6597	2834
6598	2786
6599	2685
6600	2616
6601	726
6602	2612
6603	1973
6604	726
6605	2595
6606	2586
6607	2652
6608	2024
6609	726
6610	726
6611	1008
6612	2800
6613	2800
6614	1973
6615	2662
6616	2800
6617	1973
6618	2693
6619	1973
6620	2800
6621	726
6622	1973
6623	1973
6624	1198
6625	2387
6626	2549
6627	2697
6628	2768
6629	837
6630	2756
6631	2668
6632	2800
6633	2558
6634	2564
6635	2700
6636	1973
6637	2527
6638	2800
6639	726
6640	2834
6641	2524
6642	2834
6643	2536
6644	726
6645	2705
6646	1973
6647	2564
6648	2834
6649	2834
6650	1176
6651	2756
6652	843
6653	2772
6654	1973
6655	2740
6656	2800
6657	2756
6658	2716
6659	260
6660	561
6661	2549
6662	2749
6663	726
6664	1291
6665	726
6666	2717
6667	1973
6668	2675
6669	2549
6670	726
6671	726
6672	916
6673	2583
6674	2799
6675	726
6676	1973
6677	2800
6678	2800
6679	1198
6680	1973
6681	2800
6682	2799
6683	726
6684	2549
6685	2692
6686	2800
6687	726
6688	2733
6689	2800
6690	2800
6691	1973
6692	1973
6693	2558
6694	2800
6695	2736
6696	2572
6697	2617
6698	1973
6699	726
6700	2769
6701	726
6702	2549
6703	2701
6704	2800
6705	2746
6706	2834
6707	1291
6708	2605
6709	2751
6710	2564
6711	2800
6712	2800
6713	2564
6714	2513
6715	2800
6716	2752
6717	2753
6718	2800
6719	2800
6720	1291
6721	2799
6722	1973
6723	2683
6724	2510
6725	2800
6726	2610
6727	1331
6728	1973
6729	2795
6730	726
6731	2564
6732	1973
6733	2758
6734	2759
6735	2632
6736	2777
6737	1291
6738	1973
6739	2799
6740	726
6741	1973
6742	2763
6743	2800
6744	2764
6745	1973
6746	726
6747	1973
6748	1650
6749	1973
6750	726
6751	2549
6752	2756
6753	1973
6754	645
6755	2834
6756	2775
6757	2834
6758	923
6759	726
6760	2800
6761	1641
6762	2726
6763	2751
6764	1973
6765	2564
6766	726
6767	2800
6768	1973
6769	406
6770	2800
6771	2800
6772	1544
6773	2800
6774	2789
6775	2799
6776	2800
6777	726
6778	2827
6779	2800
6780	2808
6781	2704
6782	726
6783	1973
6784	726
6785	2496
6786	2800
6787	2533
6788	1198
6789	2800
6790	2577
6791	1973
6792	2612
6793	2797
6794	569
6795	1973
6796	726
6797	2631
6798	2800
6799	1973
6800	2387
6801	2756
6802	2520
6803	2610
6804	2800
6805	2611
6806	1198
6807	1291
6808	2611
6809	2566
6810	2555
6811	726
6812	1973
6813	726
6814	726
6815	1973
6816	2568
6817	2806
6818	726
6819	1973
6820	1973
6821	2834
6822	2549
6823	2525
6824	726
6825	726
6826	2811
6827	2564
6828	2800
6829	2791
6830	2523
6831	1973
6832	2800
6833	2675
6834	2549
6835	1635
6836	2825
6837	1291
6838	2823
6839	2799
6840	1291
6841	2816
6842	1973
6843	2549
6844	2812
6845	2611
6846	1973
6847	726
6848	2651
6849	2800
6850	2756
6851	2533
6852	1973
6853	1973
6854	1973
6855	1291
6856	2822
6857	2800
6858	1973
6859	2499
6860	2669
6861	1973
6862	2549
6863	2756
6864	2826
6865	2583
6866	726
6867	2834
6868	726
6869	1973
6870	2829
6871	726
6872	1291
6873	2522
6874	2827
6875	2834
6876	2800
6877	1973
6878	2564
6879	1973
6880	1973
6881	2756
6882	2800
6883	2590
6884	1973
6885	1973
6886	1291
6887	2800
6888	2785
6889	2756
6890	2541
6891	2800
6892	2800
6893	1198
6894	2800
6895	2491
6896	2492
6897	726
6898	726
6899	2834
6900	2493
6901	2828
6902	2834
6903	1973
6904	1973
6905	1973
6906	2767
6907	1973
6908	2800
6909	2675
6910	726
6911	726
6912	2387
6913	2800
6914	2654
6915	2800
6916	2387
6917	1291
6918	2530
6919	1973
6920	1291
6921	726
6922	2800
6923	1973
6924	2647
6925	2500
6926	1973
6927	2657
6928	2738
6929	2713
6930	1973
6931	2620
6932	1973
6933	1973
6934	1973
6935	2387
6936	260
6937	1973
6938	2728
6939	2834
6940	2680
6941	1973
6942	2712
6943	2627
6944	2800
6945	2533
6946	2699
6947	726
6948	2827
6949	2563
6950	1973
6951	569
6952	1973
6953	1973
6954	2800
6955	2518
6956	2514
6957	2766
6958	1973
6959	2834
6960	1291
6961	2800
6962	2800
6963	569
6964	1291
6965	726
6966	2502
6967	2634
6968	2710
6969	2691
6970	228
6971	2800
6972	2706
6973	1973
6974	2834
6975	1973
6976	2454
6977	246
6978	726
6979	2725
6980	2744
6981	979
6982	2800
6983	2387
6984	2690
6985	1509
6986	2834
6987	726
6988	2549
6989	2557
6990	1973
6991	1291
6992	1973
6993	1973
6994	1973
6995	2799
6996	2834
6997	2538
6998	726
6999	1973
7000	2010
7001	1973
7002	2800
7003	2497
7004	726
7005	2563
7006	1973
7007	1973
7008	1973
7009	2782
7010	2834
7011	2800
7012	1973
7013	1973
7014	1973
7015	2799
7016	2810
7017	726
7018	2817
7019	2800
7020	2533
7021	2387
7022	2787
7023	726
7024	2531
7025	2552
7026	1973
7027	1973
7028	2519
7029	2774
7030	726
7031	1973
7032	2556
7033	726
7034	2664
7035	1973
7036	1198
7037	2560
7038	260
7039	2834
7040	1973
7041	2663
7042	726
7043	2800
7044	2795
7045	1973
7046	2824
7047	2800
7048	2659
7049	1973
7050	2567
7051	2649
7052	1291
7053	2688
7054	2711
7055	726
7056	2786
7057	2800
7058	726
7059	2695
7060	2678
7061	1973
7062	2601
7063	1973
7064	2711
7065	2756
7066	1973
7067	1973
7068	2776
7069	2571
7070	726
7071	1509
7072	2800
7073	2574
7074	726
7075	1291
7076	1973
7077	2557
7078	2581
7079	2694
7080	726
7081	2596
7082	2582
7083	2800
7084	2800
7085	2594
7086	914
7087	1973
7088	2501
7089	2775
7090	1291
7091	1973
7092	2577
7093	2800
7094	726
7095	726
7096	2588
7097	1973
7098	1973
7099	726
7100	2591
7101	2810
7102	2799
7103	726
7104	2553
7105	726
7106	2490
7107	2598
7108	1198
7109	2834
7110	1198
7111	726
7112	2800
7113	2603
7114	2642
7115	2607
7116	1286
7117	2608
7118	2541
7119	2800
7120	1973
7121	2537
7122	2549
7123	1973
7124	2800
7125	2387
7126	260
7127	2665
7128	1973
7129	2498
7130	2558
7131	1973
7132	2756
7133	726
7134	1973
7135	2621
7136	2651
7137	2834
7138	1291
7139	1973
7140	1509
7141	1973
7142	1973
7143	2625
7144	2799
7145	2743
7146	1973
7147	2800
7148	1973
7149	2597
7150	726
7151	2834
7152	2604
7153	2834
7154	2630
7155	2643
7156	2756
7157	1291
7158	2745
7159	2724
7160	1973
7161	2800
7162	726
7163	2708
7164	2303
7165	2722
7166	2715
7167	2767
7168	2635
7169	2800
7170	726
7171	2637
7172	1973
7173	2639
7174	2149
7175	726
7176	1973
7177	726
7178	2784
7179	561
7180	1973
7181	1274
7182	2800
7183	2672
7184	726
7185	2800
7186	1973
7187	2648
7188	2508
7189	2496
7190	1973
7191	726
7192	2696
7193	2744
7194	2762
7195	2770
7196	1973
7197	1973
7198	1973
7199	2496
7200	2149
7201	1973
7202	2656
7203	2662
7204	2834
7205	2721
7206	2658
7207	1973
7208	726
7209	2800
7210	2137
7211	2644
7212	2834
7213	1973
7214	2798
7215	569
7216	2549
7217	2564
7218	726
7219	2761
7220	2830
7221	1973
7222	2678
7223	2673
7224	2692
7225	2674
7226	726
7227	1291
7228	1973
7229	726
7230	2800
7231	2800
7232	2800
7233	1973
7234	2549
7235	1973
7236	2800
7237	726
7238	726
7239	2506
7240	2488
7241	2808
7242	1424
7243	2564
7244	1973
7245	2634
7246	726
7247	2730
7248	2539
7249	1198
7250	2689
7251	2793
7252	1973
7253	2527
7254	1973
7255	726
7256	2834
7257	1973
7258	1973
7259	2707
7260	726
7261	2387
7262	2800
7263	2049
7264	2615
7265	2800
7266	2800
7267	726
7268	2660
7269	726
7270	2800
7271	2678
7272	2678
7273	2800
7274	1973
7275	2800
7276	2792
7277	1509
7278	2694
7279	2559
7280	2719
7281	2808
7282	2564
7283	726
7284	726
7285	726
7286	2554
7287	2642
7288	2701
7289	1291
7290	1430
7291	1973
7292	2639
7293	2790
7294	726
7295	726
7296	1973
7297	726
7298	1973
7299	1973
7300	2777
7301	2770
7302	2387
7303	2800
7304	2731
7305	2549
7306	726
7307	2834
7308	1973
7309	2800
7310	2737
7311	916
7312	2564
7313	1973
7314	2189
7315	1198
7316	1973
7317	2834
7318	1973
7319	2800
7320	1973
7321	2723
7322	1973
7323	2551
7324	1973
7325	726
7326	1973
7327	1291
7328	2800
7329	2727
7330	1973
7331	2690
7332	2800
7333	641
7334	1973
7335	2564
7336	1973
7337	2507
7338	1973
7339	2609
7340	2734
7341	1973
7342	2653
7343	2735
7344	2834
7345	2611
7346	1131
7347	2741
7348	2579
7349	2742
7350	1973
7351	2564
7352	1973
7353	2800
7354	726
7355	726
7356	2834
7357	2834
7358	1973
7359	2664
7360	2691
7361	726
7362	726
7363	2747
7364	2748
7365	2553
7366	2573
7367	1973
7368	1291
7369	2734
7370	2800
7371	1291
7372	2799
7373	1973
7374	1198
7375	2756
7376	2754
7377	726
7378	1973
7379	1008
7380	1973
7381	1544
7382	1797
7383	2807
7384	2800
7385	2800
7386	2820
7387	2760
7388	569
7389	1973
7390	726
7391	2800
7392	726
7393	2800
7394	726
7395	2765
7396	1973
7397	726
7398	2743
7399	2800
7400	2387
7401	726
7402	1973
7403	1058
7404	2773
7405	2611
7406	2800
7407	2800
7408	1973
7409	726
7410	2799
7411	2546
7412	2557
7413	569
7414	1291
7415	2605
7416	1973
7417	2832
7418	2564
7419	2800
7420	2800
7421	2800
7422	1973
7423	2684
7424	1973
7425	726
7426	1390
7427	2783
7428	1973
7429	1973
7430	2788
7431	1973
7432	1987
7433	726
7434	2833
7435	726
7436	1973
7437	2589
7438	569
7439	2663
7440	2671
7441	726
7442	1973
7443	2800
7444	1198
7445	2778
7446	2526
7447	1198
7448	2564
7449	2800
7450	726
7451	2756
7452	1973
7453	2800
7454	1973
7455	2800
7456	1995
7457	1291
7458	2010
7459	2564
7460	2800
7461	2657
7462	2601
7463	2815
7464	2834
7465	1973
7466	2600
7467	2800
7468	2819
7469	1973
7470	2800
7471	2805
7472	1180
7473	2387
7474	2549
7475	2834
7476	2832
7477	1973
7478	2639
7479	2833
7480	2800
7481	1973
7482	1973
7483	2564
7484	665
7485	1973
7486	1973
7487	2678
7488	1758
7489	726
7490	2800
7491	569
7492	2606
7493	2834
7494	726
7495	2558
7496	1198
7497	2800
7498	1509
7499	2813
7500	2814
7501	2803
7502	726
7503	2580
7504	2564
7505	2505
7506	1973
7507	1198
7508	2509
7509	2542
7510	117
7511	1973
7512	2834
7513	1973
7514	2800
7515	726
7516	2547
7517	2533
7518	726
7519	2561
7520	2571
7521	2821
7522	2799
7523	2834
7524	2550
7525	2834
7526	2571
7527	726
7528	1973
7529	2804
7530	1973
7531	1291
7532	2800
7533	1973
7534	2521
7535	2569
7536	1544
7537	726
7538	1291
7539	1973
7540	1973
7541	1973
7542	1973
7543	726
7544	2719
7545	726
7546	2836
7547	1973
7548	2669
7549	726
7550	2715
7551	2611
7552	2520
7553	2698
7554	2834
7555	726
7556	2835
7557	2738
7558	2655
7559	1973
7560	2834
7561	2771
7562	1973
7563	2786
7564	2549
7565	2800
