0	2626
1	2236
2	1690
3	211
3	1442
3	3256
3	3414
5	583
5	2170
5	3941
5	4442
5	4891
5	5955
6	4219
7	1753
7	3868
8	752
10	105
11	380
12	1692
13	3240
14	845
15	575
15	3233
15	5074
18	3350
19	3333
20	447
20	1215
20	4967
20	5370
20	5418
20	5496
20	5795
21	326
21	3924
22	869
22	1231
23	2992
24	1588
25	234
26	1259
26	4032
27	1657
28	819
28	2922
29	4166
30	4019
31	2432
31	4871
32	3214
32	3820
32	5621
32	5793
32	6023
35	2757
36	2972
37	1182
38	4782
39	42
41	3769
43	5314
44	351
44	1482
45	4162
46	4525
47	792
47	2015
47	3810
47	4186
47	5943
47	6059
47	6065
47	6159
48	3016
49	3895
50	29
50	4153
51	2268
52	949
53	1305
54	961
55	3705
56	3512
57	3813
58	3635
58	4582
59	1536
61	1979
62	3003
63	3265
64	797
65	2738
65	4383
67	2
70	3228
71	2135
72	1593
73	1237
73	1761
73	2029
74	4364
76	5107
77	320
80	4325
81	1225
81	4260
81	4527
82	4735
83	1841
84	2324
84	2789
84	2849
84	4351
86	2461
87	27
88	3159
89	1191
90	3954
92	155
93	3423
94	2126
96	1251
97	4332
98	3359
99	3953
101	4138
102	4225
103	1229
104	1367
105	4591
106	4387
108	5317
109	2814
110	3666
112	3349
112	4497
113	4466
113	4490
114	5192
117	534
117	3470
118	3072
119	4441
120	1056
121	2288
122	3442
123	4877
123	5337
124	577
124	5957
125	3291
126	4592
127	2202
127	2330
127	3809
128	855
128	1449
129	1523
129	1752
129	2638
130	255
131	4277
132	1978
133	2869
133	4745
135	1223
136	2291
137	434
137	2487
137	3024
139	1711
141	159
141	1727
141	3598
141	3932
142	3221
142	5038
142	5739
143	3343
144	2966
146	106
147	379
148	5125
149	490
150	4986
152	3433
153	4124
154	1544
154	1582
155	5036
156	607
157	3190
158	1471
159	2180
159	2452
159	3745
159	5461
159	6029
160	3467
161	2986
163	880
164	2782
165	3527
165	4969
166	2079
166	3603
167	3910
168	3966
169	3208
170	4462
171	166
171	1203
171	4905
172	827
174	2503
174	5351
174	5363
174	5489
174	5491
174	5511
174	5533
174	5555
174	5577
174	5668
174	5669
174	5701
174	5703
174	5768
174	5779
174	5787
174	5811
174	5832
174	5841
174	5853
174	5868
174	5922
174	5978
174	6067
174	6101
174	6142
174	6169
176	1338
176	5303
177	3257
177	3729
177	4711
178	4494
179	4629
180	919
181	1826
182	2501
183	13
183	782
183	1538
184	5037
185	1204
185	5275
186	1666
187	1205
188	2335
189	392
191	754
191	1019
192	2645
192	4922
193	3341
194	560
194	2993
194	3765
195	4553
196	4013
197	1941
198	3653
199	2124
199	3956
201	4523
202	1241
203	2930
204	2037
205	590
206	1451
207	501
207	5057
209	2229
211	5281
213	2123
214	481
215	71
215	587
216	828
217	833
217	6008
218	4738
219	3630
220	3818
221	5045
222	3583
222	3908
223	2380
223	2396
224	1452
224	4328
225	1635
226	1960
227	2371
227	4415
228	3555
229	390
229	3988
229	5692
230	524
230	3047
231	1519
232	2502
232	2693
232	2840
232	4426
232	4566
232	5540
232	5584
232	5729
232	5836
232	5964
232	5971
232	6000
232	6026
232	6052
233	81
234	5079
235	2159
236	606
237	3996
238	1062
238	5988
239	4781
240	2588
241	414
242	2017
243	3851
244	116
244	3032
244	3383
245	1654
246	2068
247	310
247	767
247	2943
248	3370
249	1571
250	2007
252	2490
252	3459
253	4791
254	2651
254	6046
255	2946
255	4601
256	319
257	2102
258	2136
260	1172
261	2069
261	3740
263	4950
264	2165
265	3115
266	5078
267	537
268	1493
268	1691
268	4574
270	3241
271	3117
273	2391
274	5273
275	2996
277	3065
278	1023
279	4710
280	2163
281	95
282	553
282	3139
282	5104
282	5361
283	5226
285	527
285	3300
285	4761
285	5644
286	4805
287	1110
288	3127
289	4342
290	4038
291	4154
291	4311
292	3394
293	3557
294	4935
295	3098
295	5505
296	911
296	2431
296	2985
297	3075
298	1086
298	5956
299	3746
300	4634
301	251
302	1419
303	2898
304	1488
305	4789
306	1483
306	1938
307	2759
308	2021
308	3543
309	1163
310	3133
311	1171
311	2305
311	3027
311	5471
312	2272
313	2363
314	1470
315	3853
316	4617
317	2111
318	1835
319	332
320	3860
321	4346
323	4168
324	4418
325	127
326	2544
327	344
328	506
328	1151
328	3821
329	4624
330	1103
331	1397
332	391
334	3969
335	359
336	4129
338	3754
339	1185
340	5139
341	1342
342	3825
343	493
344	129
344	397
344	2844
345	2517
346	893
347	4563
348	4506
349	2963
349	3611
350	3970
351	503
351	4572
351	4674
352	1074
352	2090
352	2979
353	3375
354	2570
354	4029
355	960
356	460
356	1454
356	1650
356	4355
357	154
357	3605
358	1569
360	741
361	192
362	4974
363	1766
364	2337
366	133
367	2031
368	3992
369	70
370	4907
371	3169
371	3902
372	1871
373	2070
373	2606
373	2607
374	2148
375	305
376	2701
377	746
378	170
379	1005
379	2790
380	1164
381	1778
382	3991
383	2415
384	219
385	1224
386	5103
387	1405
387	2998
387	6017
388	2897
389	468
389	2499
389	5295
390	4739
391	2598
392	1655
392	1976
392	3998
392	4676
393	471
393	3790
394	4259
395	4066
396	1663
397	846
398	3720
399	526
400	5256
401	2879
402	2824
403	3829
403	4656
404	5005
405	4473
406	3849
407	46
409	169
409	3862
409	4109
409	5427
410	4384
411	2156
412	1166
413	1014
413	2358
413	4211
413	5208
414	2326
415	517
416	1073
417	1797
419	2056
419	3050
419	4020
421	2802
422	535
422	1864
423	2052
424	3290
425	2414
426	910
427	4502
428	2829
428	4064
429	1084
430	860
431	1945
432	1996
433	3736
434	386
435	3099
436	3000
437	1515
437	1890
437	3052
437	5776
438	3482
439	4045
440	3618
441	710
442	1247
443	528
443	1108
443	4133
443	4748
443	5512
444	3356
445	1269
445	2282
445	4495
446	2417
447	2243
447	4244
448	2493
449	5064
450	3275
451	4930
452	3329
452	4302
453	1466
455	4118
456	605
458	2303
459	4567
460	817
461	2308
461	2423
461	3919
462	3480
464	1968
464	4909
464	5812
465	4000
466	3102
467	585
467	3217
467	3695
467	4844
468	3114
469	673
470	1029
470	1966
470	4201
470	5318
471	2799
472	2204
473	2465
473	2545
474	1988
474	3035
474	3973
475	1464
477	4178
478	3854
479	555
482	1989
483	271
484	992
485	1105
486	2350
487	3835
488	2447
488	2882
489	2061
491	4127
492	3681
493	2660
494	5004
496	3791
497	4870
498	1334
499	3289
500	2656
502	3659
503	4885
504	595
504	4519
505	557
505	1371
505	4492
505	5660
506	4712
507	425
508	3892
509	5175
510	1859
511	3739
512	306
513	1141
513	3594
513	4583
515	147
516	484
517	472
518	1535
519	3642
520	762
520	1839
520	3197
520	3661
520	6036
521	3743
522	2369
524	990
525	1843
526	916
527	4755
528	2587
529	4279
531	1808
532	2548
533	830
533	3358
534	2125
535	3033
536	1424
537	848
538	1087
538	1961
538	4894
539	419
541	495
542	1067
542	5109
543	1218
543	1681
543	3530
543	5060
544	3903
545	4956
547	2591
547	3007
548	3216
548	3785
549	991
549	4549
550	4794
551	2507
552	1031
553	3031
554	538
554	1845
554	3183
555	5274
556	11
557	1929
559	1226
560	2891
561	2451
562	3226
563	4535
564	3116
565	3886
566	350
567	522
568	4819
569	3559
570	455
570	1183
570	2860
570	3140
571	1722
572	2289
573	3926
574	2082
574	4398
577	940
578	1370
579	4268
580	2062
581	1213
581	4460
581	5415
582	2309
583	5307
584	113
584	1136
584	2422
584	3295
584	5051
585	4703
586	1409
588	4482
589	3215
590	1660
590	3621
591	2916
592	4864
593	3899
594	3885
596	4767
597	1153
598	76
599	1912
600	3254
601	1040
601	5401
601	5705
602	1916
602	3162
602	5299
603	2621
604	1379
606	25
606	5927
607	2424
608	3377
609	923
610	3542
611	2851
611	3762
611	4261
611	4728
612	4593
613	1157
613	2270
613	5574
614	1687
614	5433
614	5983
615	1759
616	4465
617	5259
618	118
619	315
619	624
619	1287
620	3518
621	928
622	1428
623	2506
624	4556
625	4403
627	1904
627	5738
628	1917
628	5284
629	5255
630	333
631	1097
632	4212
633	382
634	377
636	1386
637	2491
638	1458
639	1947
640	4958
641	1799
642	394
642	800
642	2459
642	5085
643	3143
643	3628
643	3921
644	1198
644	1853
645	2471
646	2104
647	1446
648	3334
649	1038
651	365
652	411
652	4242
652	4255
653	1258
653	5338
654	4602
655	561
656	1167
657	4363
658	3472
659	2485
659	3660
661	4769
662	5058
663	870
663	3131
664	2096
664	2713
664	3293
665	4280
666	3547
667	4576
668	119
668	2711
668	4957
668	5249
669	2648
670	1410
671	1770
671	3364
671	4318
672	216
672	1236
672	2770
673	1053
674	4229
675	2781
675	3319
675	4046
675	4741
675	4990
676	2232
676	4917
676	5041
677	3392
678	3309
679	1438
681	1462
682	1503
683	345
683	1422
683	4093
683	5625
684	284
685	3560
687	751
687	2653
687	3609
688	4141
689	179
690	4501
691	4313
692	4023
694	6128
695	5245
696	1615
696	3246
696	4816
697	5068
699	1147
700	4182
701	3904
702	4518
703	2187
704	75
705	3200
705	3808
705	4231
706	1595
707	1973
708	4404
709	1122
709	2048
709	3077
710	3481
711	5200
712	5217
712	5261
713	2448
715	4062
716	968
716	1264
717	1092
717	2158
717	5414
717	5518
718	680
718	4094
718	4395
719	300
720	4721
721	2796
723	2522
724	4578
725	733
726	3846
727	5010
728	1737
729	2171
729	2599
730	2302
731	329
731	2083
731	2484
731	2589
732	1184
733	3227
734	1378
735	2666
735	5220
735	5917
736	2044
737	2042
738	2365
739	2823
740	1063
741	3028
742	889
742	4630
743	3146
744	1732
744	5283
745	5184
746	381
746	2806
746	3625
746	5096
747	1937
748	1887
749	4375
750	4933
751	4759
752	3013
752	4836
753	2956
753	4354
754	4075
755	2137
756	3487
757	637
758	1102
759	2786
760	973
760	1117
760	3600
761	510
762	3264
763	5173
764	2481
765	2538
766	4457
767	2865
768	1208
769	84
770	4750
771	1101
771	2094
771	4061
774	4393
775	3446
776	1586
776	4322
776	4937
776	5320
777	5171
778	3506
779	1372
780	3040
780	5233
781	2550
782	3629
784	1291
784	5197
785	167
787	3525
789	3158
790	1230
790	2355
791	515
791	825
792	4445
793	1880
793	3326
794	418
795	3061
796	3682
797	1899
798	1714
799	3454
800	3066
803	2283
803	5215
804	91
804	2533
804	4321
805	3610
806	2923
806	3148
806	3337
807	747
807	755
807	6085
809	2327
810	1214
810	3021
810	3304
811	296
812	3944
813	681
813	5588
814	2825
815	4291
816	3368
816	5539
816	5685
816	5752
817	799
818	3279
820	3687
821	4315
822	1160
823	5182
824	4879
825	1627
826	4456
826	4813
827	5043
828	446
829	96
829	2690
829	2725
829	4358
830	1201
830	1394
830	5354
830	5410
830	5426
830	5440
830	5472
830	5482
830	5525
830	5537
830	5558
830	5571
830	5572
830	5597
830	5613
830	5615
830	5659
830	5675
830	5676
830	5684
830	5712
830	5713
830	5717
830	5730
830	5733
830	5735
830	5740
830	5744
830	5746
830	5757
830	5763
830	5791
830	5824
830	5830
830	5832
830	5844
830	5871
830	5891
830	5900
830	5970
830	6001
830	6009
830	6048
830	6064
830	6081
830	6149
830	6153
831	182
831	547
831	3731
832	883
832	3784
833	83
834	3379
836	905
837	2341
837	3283
838	45
838	2221
838	3448
839	462
840	82
841	4744
842	4952
843	1863
844	497
844	4448
844	4783
844	5907
845	539
845	2788
846	1730
847	523
848	3122
849	3338
850	1623
850	3136
850	4608
852	3179
852	5393
854	641
854	2370
854	3551
855	3494
856	406
857	1822
859	3822
860	1746
860	4901
861	217
861	5155
862	5325
863	2563
864	5330
865	1045
866	1489
868	3026
870	3230
871	1363
872	2652
872	3046
872	3938
872	4873
872	5917
873	3097
874	589
874	4979
876	907
878	1812
878	3443
878	3571
879	3173
880	2004
880	2707
880	4193
880	5480
881	1437
882	5290
883	4050
884	277
884	334
884	5481
885	640
885	4609
888	3836
890	340
891	4954
892	4772
893	2637
894	3855
895	3975
896	633
896	2639
896	5145
897	4113
898	4820
899	3599
902	4766
904	2245
904	4221
905	1364
906	3888
907	2359
908	3198
910	5164
911	5687
912	4134
913	1327
913	5070
914	3848
915	5339
916	1532
917	4123
918	1894
919	1299
920	1051
921	3802
922	3867
923	3282
924	4198
925	465
926	5179
927	2777
928	3686
929	1885
930	3236
931	3532
932	2590
933	1121
933	1971
933	5260
934	1125
935	1336
936	409
937	2220
938	774
939	1645
940	2720
940	5009
941	2999
943	3915
944	2797
945	5100
946	1392
947	745
948	1670
949	153
950	3536
951	505
952	3055
955	1959
956	1295
957	4737
958	1873
959	3107
960	662
960	3916
961	4100
963	574
964	482
965	65
966	1858
967	1169
968	5167
969	3619
970	1059
971	1406
971	4832
972	2699
973	2224
974	2900
976	2334
977	1065
978	530
979	2402
979	4174
981	807
981	969
981	1827
981	3042
981	5083
982	230
982	1255
982	2345
982	4317
982	5136
983	2761
984	2458
985	4875
986	4664
988	4966
989	3025
990	1813
991	2997
991	3051
991	3794
991	3814
992	4881
993	896
994	1697
995	2848
995	3753
996	1018
997	4286
997	4514
997	5503
998	1495
999	3811
1000	2793
1001	40
1002	4106
1003	4531
1005	4683
1007	52
1007	5765
1008	5097
1009	222
1009	314
1009	1412
1009	4131
1010	3602
1011	1486
1012	2368
1014	5033
1016	1197
1016	2323
1016	2632
1016	5216
1017	4707
1018	1375
1019	632
1020	4522
1021	442
1021	4678
1021	4801
1021	4811
1021	5513
1022	826
1023	1967
1024	1267
1024	4283
1025	4170
1026	2372
1026	4223
1026	4855
1027	5277
1028	772
1029	4337
1030	2474
1030	2476
1030	3772
1030	5059
1031	3930
1031	4369
1032	3631
1033	743
1034	415
1035	2129
1036	3
1037	2737
1037	3960
1038	1333
1038	2427
1039	1775
1040	269
1042	3524
1043	4911
1045	1186
1045	5279
1045	5966
1045	6164
1046	1350
1047	2541
1048	475
1049	1274
1050	3511
1052	4564
1053	3280
1053	3468
1055	3517
1055	5250
1056	1909
1057	4895
1058	53
1058	1026
1058	4926
1059	2411
1060	348
1062	1177
1063	451
1063	2841
1065	267
1065	2290
1065	4048
1067	840
1068	3413
1071	5214
1072	259
1073	4899
1074	3189
1075	572
1076	2209
1077	3693
1079	4176
1080	3393
1081	1898
1082	3757
1084	1975
1085	1940
1086	1356
1087	1173
1088	3424
1088	4105
1089	974
1090	890
1091	3751
1092	1491
1092	1602
1093	1617
1094	4649
1095	2386
1097	272
1098	1597
1099	3067
1100	1637
1101	591
1102	4613
1103	3278
1104	2987
1105	2000
1105	3586
1105	4599
1106	3408
1106	3806
1106	5344
1107	3567
1108	4145
1110	4151
1111	1365
1112	4747
1113	3489
1115	125
1115	4353
1115	4487
1115	5161
1116	240
1116	781
1116	1611
1116	4777
1117	1399
1117	5414
1117	5518
1118	764
1119	1516
1119	4697
1121	5639
1121	5980
1122	1200
1123	3643
1124	417
1125	813
1125	4224
1125	5113
1126	3018
1127	536
1127	2558
1127	5912
1128	1319
1129	1689
1130	226
1132	964
1133	2915
1134	58
1134	1958
1135	4347
1137	3284
1138	4258
1140	3474
1140	4691
1141	3355
1141	5062
1142	1505
1142	2353
1142	2685
1142	3053
1144	140
1145	1407
1146	685
1146	1393
1146	3679
1147	1252
1147	1625
1147	3622
1148	3961
1149	850
1149	1475
1149	2934
1149	2937
1150	281
1150	939
1150	2479
1150	5368
1151	3957
1151	5268
1152	4991
1153	1598
1154	935
1154	1572
1154	4654
1154	5008
1157	4733
1159	5188
1161	3135
1162	3776
1163	2836
1164	3259
1165	3985
1166	3671
1167	2519
1168	1771
1169	1145
1170	2174
1171	1510
1171	2578
1171	3195
1171	3445
1171	3880
1172	64
1172	1126
1172	2128
1173	569
1174	416
1174	2051
1174	3322
1174	3405
1175	1243
1175	2662
1175	3262
1175	4847
1177	1935
1178	3948
1178	4114
1178	5873
1179	2959
1180	4685
1180	5460
1180	5745
1180	5928
1180	6012
1182	102
1182	3346
1183	3663
1183	5239
1184	4450
1185	3523
1186	2152
1187	5222
1188	2164
1189	1669
1190	1901
1190	4662
1191	4423
1192	298
1193	4643
1194	4360
1195	592
1196	712
1197	2161
1198	4653
1198	5612
1199	5134
1200	3308
1201	780
1202	1312
1202	2409
1202	5110
1203	664
1204	1884
1204	2512
1205	4866
1206	2553
1207	901
1208	1089
1208	1506
1208	4197
1209	1321
1210	5172
1211	1096
1211	5481
1211	6050
1212	766
1213	15
1215	2304
1216	3314
1217	2039
1218	3437
1220	4217
1220	5253
1221	2754
1221	2812
1221	3918
1222	1284
1222	4214
1223	2982
1224	4631
1225	778
1228	4861
1229	1599
1229	3224
1229	5297
1229	5878
1230	945
1231	404
1232	2477
1232	3091
1233	3732
1233	4614
1234	237
1235	4542
1237	2929
1238	2663
1238	4002
1239	3834
1240	5180
1241	715
1241	783
1241	3321
1242	2419
1242	3249
1244	2405
1245	3165
1246	5076
1247	3507
1248	1088
1248	4235
1249	5028
1250	1896
1251	2466
1252	3588
1253	888
1253	1980
1253	2619
1253	5620
1253	5694
1254	552
1255	4294
1256	2740
1257	4359
1258	655
1258	1024
1258	2852
1258	3537
1258	4797
1260	3421
1261	1460
1263	663
1263	3623
1264	5237
1265	5150
1266	999
1267	120
1268	1552
1269	1069
1270	5000
1271	856
1272	171
1273	4551
1274	3407
1275	1934
1276	913
1277	2688
1278	667
1279	982
1279	2271
1279	4001
1280	5241
1281	2525
1282	2470
1283	785
1283	2117
1284	568
1284	2191
1285	4486
1286	2093
1286	3166
1286	4408
1286	4903
1287	1420
1288	163
1290	4428
1291	3669
1291	4731
1291	5781
1292	2670
1292	3563
1293	2437
1294	4727
1294	6126
1295	1011
1296	5266
1297	3357
1298	5210
1299	2592
1301	297
1301	1531
1301	4257
1302	2565
1302	5434
1302	5536
1302	5570
1302	5635
1302	5649
1302	5699
1302	6131
1302	6161
1303	3253
1304	642
1304	5416
1304	5792
1305	3252
1306	608
1307	4300
1308	4706
1309	544
1309	2667
1309	2886
1310	689
1311	150
1312	1999
1312	3209
1312	5556
1313	2215
1314	941
1315	4709
1316	1930
1317	4190
1319	3428
1321	2378
1322	286
1323	347
1324	2947
1325	1926
1326	4716
1327	3595
1328	749
1329	609
1330	2556
1330	4183
1331	3979
1332	1285
1333	436
1333	775
1334	1781
1334	2097
1334	2508
1334	2927
1335	1057
1335	2258
1336	4800
1336	5123
1336	5738
1337	4689
1338	4327
1339	713
1340	3645
1341	995
1342	698
1342	3301
1343	4987
1344	1196
1345	335
1346	1546
1347	887
1348	1805
1348	4274
1349	3400
1350	4076
1351	623
1351	3318
1352	533
1352	617
1352	638
1353	4440
1353	4784
1354	3549
1355	3604
1356	5148
1357	375
1358	4059
1359	2287
1360	3058
1361	3697
1362	4122
1362	4485
1363	2200
1363	4846
1364	798
1364	4860
1365	4827
1366	1468
1367	86
1367	132
1368	2932
1369	4096
1370	2764
1371	2218
1372	1159
1373	2719
1373	3680
1374	2855
1375	2192
1376	793
1376	3652
1377	34
1378	3161
1379	1421
1379	2045
1379	4252
1380	2896
1381	1194
1381	1524
1381	2571
1382	1188
1383	90
1383	3316
1384	126
1385	1507
1385	2935
1385	4099
1386	5090
1387	4854
1388	2765
1388	3737
1388	4928
1389	771
1390	3750
1391	3043
1392	2294
1393	227
1394	2562
1395	21
1396	3255
1397	720
1398	4803
1399	2709
1399	5917
1401	2016
1402	879
1403	3893
1404	4688
1406	1131
1407	2856
1407	5206
1409	3989
1410	4724
1411	4427
1412	5073
1413	4544
1414	2615
1415	563
1417	1133
1418	3540
1419	4003
1420	4380
1422	1600
1422	4587
1423	2241
1425	3514
1426	1564
1427	3749
1428	2820
1429	3968
1430	1883
1432	3905
1434	4031
1435	4386
1436	1550
1436	5319
1437	502
1438	3059
1438	4406
1439	3805
1440	692
1441	5959
1442	3373
1443	452
1443	2277
1443	4740
1443	5088
1444	758
1444	989
1444	1755
1444	4161
1444	4573
1445	1077
1446	4942
1447	2821
1448	22
1449	3125
1450	2362
1450	2766
1451	5047
1452	4307
1453	4822
1453	4927
1454	630
1454	3092
1454	3272
1454	4108
1455	4081
1455	5366
1455	5593
1456	4644
1457	2604
1458	921
1459	5042
1460	5304
1461	2253
1461	4368
1463	2744
1463	2906
1463	3656
1464	978
1464	5099
1464	5348
1464	5350
1464	5354
1464	5357
1464	5359
1464	5375
1464	5394
1464	5400
1464	5422
1464	5458
1464	5493
1464	5515
1464	5516
1464	5537
1464	5562
1464	5568
1464	5583
1464	5615
1464	5618
1464	5630
1464	5682
1464	5715
1464	5730
1464	5737
1464	5769
1464	5777
1464	5780
1464	5806
1464	5853
1464	5865
1464	5866
1464	5879
1464	5900
1464	5914
1464	5970
1464	5977
1464	5987
1464	6002
1464	6067
1464	6106
1464	6115
1464	6136
1465	3060
1465	5025
1466	679
1467	2408
1468	5187
1469	4348
1470	2861
1470	3566
1471	946
1473	4988
1474	2473
1475	3782
1476	3579
1476	5115
1477	2520
1478	294
1479	3469
1480	223
1481	511
1481	579
1481	1570
1481	6033
1482	4012
1483	4187
1484	2586
1485	2116
1485	3882
1486	245
1487	410
1488	831
1489	2674
1491	2835
1492	4226
1493	385
1494	4056
1495	3724
1496	1739
1496	3503
1497	1718
1497	4985
1498	3582
1499	3479
1500	1154
1501	3263
1503	1810
1503	4513
1503	4533
1504	4389
1504	4771
1505	4491
1507	4125
1508	108
1509	4396
1509	4610
1509	5530
1509	5559
1510	3231
1510	3733
1510	6143
1511	4331
1513	1408
1513	4665
1513	4943
1514	280
1514	5235
1514	5343
1515	1829
1516	402
1516	1878
1517	2150
1518	3689
1520	3748
1521	1777
1521	4547
1522	3824
1523	1675
1524	944
1525	1128
1526	342
1527	3937
1528	5321
1529	5209
1530	5072
1531	3606
1532	600
1533	1740
1533	3466
1533	3928
1533	5323
1534	4420
1535	2088
1536	4555
1537	3871
1538	4119
1539	3513
1540	4637
1541	3901
1542	2798
1543	3232
1543	3914
1544	4648
1545	2314
1546	3850
1547	454
1548	843
1549	4357
1550	4481
1551	4319
1552	187
1553	5264
1553	5413
1553	5641
1553	6071
1554	740
1554	3362
1554	3771
1555	2393
1556	952
1556	4908
1557	1238
1558	2143
1559	1174
1560	1994
1561	4880
1562	2235
1562	5124
1563	571
1563	2213
1563	3942
1564	5310
1565	4500
1566	2536
1567	5084
1568	2286
1568	4159
1568	4999
1568	5091
1569	1315
1569	4876
1570	4692
1571	4034
1572	100
1572	1895
1572	2575
1573	711
1573	3707
1574	5137
1575	4438
1576	1522
1576	2792
1576	4308
1578	4309
1579	3976
1580	1175
1581	2936
1583	5071
1584	1180
1585	2735
1586	2542
1587	1041
1588	2903
1588	3493
1588	4565
1588	5151
1589	4227
1590	3502
1591	1288
1591	4704
1592	2036
1593	368
1594	2714
1595	975
1596	2679
1597	232
1598	934
1598	2945
1599	3529
1600	3478
1601	4373
1602	3108
1604	2708
1604	3438
1605	1104
1606	559
1607	1701
1608	5316
1609	3858
1610	2313
1610	3008
1611	2460
1611	4382
1612	508
1613	1574
1613	3297
1615	3128
1616	1339
1617	4316
1617	5153
1618	674
1618	1030
1618	1830
1619	5006
1620	4160
1621	2613
1623	1591
1624	1360
1625	123
1625	142
1625	1834
1625	5523
1625	5712
1625	5855
1625	5995
1625	6097
1626	4798
1627	3947
1629	4381
1629	4919
1630	199
1630	5636
1631	2816
1632	73
1633	4015
1633	4026
1633	5999
1634	4437
1635	3993
1638	5262
1639	4516
1640	176
1641	2325
1642	5013
1643	2085
1644	1373
1645	4539
1646	3967
1647	938
1648	1156
1649	876
1651	3755
1652	1956
1652	3320
1652	3590
1652	3974
1653	4402
1653	6104
1655	2817
1657	3491
1657	5991
1658	4515
1660	5205
1660	5692
1662	5166
1663	441
1664	2837
1665	1447
1666	1075
1667	773
1667	2080
1667	4661
1667	4804
1668	117
1668	2344
1668	3406
1668	4526
1670	694
1671	4173
1672	1298
1672	1886
1673	3325
1675	3193
1676	5257
1677	3409
1678	599
1678	2205
1678	3360
1680	2446
1681	4222
1682	66
1683	2100
1684	4483
1685	1348
1686	1900
1686	2953
1686	4199
1687	3576
1687	4723
1687	4912
1688	507
1689	4900
1690	165
1690	1639
1691	4869
1693	2961
1693	5141
1694	1817
1694	3823
1695	1071
1696	3176
1696	5485
1696	5697
1696	5700
1696	5706
1696	6043
1696	6127
1696	6168
1697	1644
1697	3137
1698	2203
1699	168
1699	3101
1699	4107
1699	5207
1700	4642
1701	299
1702	4256
1703	1526
1704	1228
1704	1688
1704	2914
1704	4413
1704	4517
1705	3533
1706	1677
1707	2160
1708	1068
1708	2230
1709	3380
1710	3153
1711	214
1711	5576
1712	4621
1713	1610
1714	343
1715	929
1715	3627
1716	43
1717	1302
1719	3683
1721	5805
1722	1991
1723	1331
1724	4101
1725	2138
1725	5378
1725	5655
1725	5729
1726	3331
1727	2478
1727	4292
1728	852
1728	1629
1728	2665
1728	4245
1729	3519
1729	4699
1730	3780
1731	707
1732	3270
1733	1575
1734	63
1735	458
1735	4049
1736	4960
1737	1955
1738	2074
1739	3774
1740	3838
1740	5030
1741	1398
1742	157
1742	1716
1742	3541
1742	5848
1743	648
1744	3363
1746	3768
1747	2250
1748	1457
1749	5
1750	3701
1750	3833
1750	3925
1752	4030
1753	3706
1754	723
1755	5196
1756	3134
1757	231
1758	2410
1760	4552
1761	4893
1762	2106
1762	5494
1762	5903
1765	1142
1767	4821
1769	1135
1770	158
1770	1448
1770	4651
1770	5487
1771	1181
1771	1395
1772	5177
1773	2928
1774	1501
1774	2873
1775	930
1776	2032
1777	646
1778	136
1778	548
1778	551
1778	753
1779	395
1779	1758
1780	976
1781	2552
1783	5272
1784	988
1784	1892
1785	1698
1786	704
1787	597
1788	215
1788	5296
1788	5862
1789	2066
1789	4349
1790	629
1790	4243
1791	2014
1792	3453
1793	5111
1794	894
1795	1357
1796	951
1797	2385
1798	2338
1799	1165
1800	2791
1800	5022
1800	5409
1801	2924
1802	4179
1803	1017
1804	1796
1805	519
1807	3775
1808	2456
1808	5286
1809	4326
1810	2687
1812	4530
1813	4964
1814	2053
1815	180
1815	1651
1816	1383
1817	2870
1817	5075
1818	588
1818	1851
1819	742
1819	927
1821	448
1822	521
1823	4312
1824	1769
1825	244
1825	3839
1825	5021
1826	4370
1827	1704
1829	1897
1829	1927
1829	3580
1829	3723
1830	3977
1831	461
1831	3451
1832	3558
1833	4679
1834	26
1835	1649
1836	997
1836	1307
1836	2441
1837	1709
1838	594
1838	5202
1839	3374
1840	3138
1841	4831
1842	1792
1843	915
1843	1665
1844	3389
1845	4868
1848	3677
1849	1473
1850	735
1851	4147
1852	3510
1852	4422
1852	5313
1853	4636
1854	4352
1855	1876
1856	2055
1856	2389
1857	1244
1858	1277
1858	1450
1858	2428
1858	2623
1859	666
1860	3178
1861	2581
1862	1161
1863	2672
1863	4435
1865	3593
1866	289
1868	3142
1869	2597
1870	3584
1870	4681
1871	178
1872	3286
1874	1256
1875	2063
1876	1640
1876	4577
1877	4471
1878	49
1878	1795
1878	5612
1879	5017
1881	4156
1882	3404
1883	1932
1883	3222
1883	4872
1884	1093
1886	4110
1887	4266
1887	5165
1887	5218
1889	3023
1890	2024
1891	718
1892	5254
1893	3034
1894	4743
1895	4607
1897	2661
1898	28
1899	200
1899	5738
1901	3712
1902	5269
1903	3129
1904	4016
1905	4336
1905	5411
1905	5557
1905	5863
1906	5305
1907	3185
1907	3432
1907	3877
1908	3483
1910	3184
1911	4218
1912	1347
1912	2043
1913	3744
1914	2748
1915	2526
1916	1828
1917	346
1917	1969
1917	4736
1918	2113
1920	3402
1921	925
1923	1266
1924	32
1924	5018
1924	5547
1924	5563
1926	2819
1927	1050
1928	2276
1929	1848
1930	55
1931	2339
1932	4414
1933	2186
1934	882
1934	2636
1935	1330
1935	2692
1936	5102
1937	2960
1938	4087
1939	1278
1941	3978
1942	1146
1943	5095
1944	3735
1946	290
1947	2110
1948	4760
1949	1396
1950	3694
1951	196
1951	1107
1951	2255
1951	2486
1951	4011
1952	4303
1953	16
1954	1533
1956	2058
1957	2026
1957	5341
1958	2418
1959	687
1960	660
1961	2006
1961	2722
1961	4297
1961	5252
1961	6151
1963	209
1963	1008
1963	2633
1963	4603
1964	2183
1965	423
1965	987
1965	5333
1966	2705
1967	3943
1968	669
1968	2712
1969	4436
1970	4167
1971	1387
1971	4144
1972	722
1973	1132
1975	4538
1976	288
1977	221
1978	1095
1979	1
1980	3857
1981	253
1982	1754
1982	2991
1983	3620
1983	5451
1983	5884
1983	6129
1984	93
1985	3907
1986	1207
1986	2275
1986	3113
1987	287
1987	3852
1987	4620
1988	1311
1989	67
1990	4410
1991	3815
1992	2457
1993	3909
1994	908
1994	2850
1996	847
1996	2498
1998	2938
1998	4884
1999	453
1999	5519
1999	5679
2000	986
2000	1559
2000	1788
2000	1875
2000	3875
2001	4379
2002	2811
2003	1211
2004	1390
2004	2040
2004	5203
2005	4671
2006	2561
2007	729
2008	3654
2009	89
2009	2075
2009	2495
2009	2747
2010	4584
2011	5159
2012	4627
2015	336
2017	3417
2019	1129
2019	1325
2019	2620
2019	4975
2020	2631
2020	4429
2021	4663
2022	2145
2023	878
2024	2659
2025	4374
2026	2862
2027	4940
2028	4807
2029	2875
2029	2951
2029	3668
2029	5656
2029	5854
2030	2580
2031	4619
2032	3010
2033	2377
2033	3302
2034	2413
2035	2238
2036	1262
2037	841
2038	625
2039	1865
2039	5927
2040	1728
2041	701
2042	953
2043	620
2045	1953
2046	1517
2047	1090
2047	1632
2047	2251
2047	4925
2047	5061
2048	1498
2049	2968
2050	2547
2050	3788
2050	5950
2052	421
2052	3353
2053	2608
2054	1048
2055	854
2056	566
2056	820
2056	1764
2056	2139
2057	2119
2059	1487
2060	900
2061	3873
2062	895
2063	2264
2064	1995
2065	1078
2066	4776
2067	30
2068	3638
2069	1785
2070	836
2070	1757
2070	4273
2070	4924
2070	5822
2071	1744
2072	2348
2073	791
2074	74
2075	239
2076	3434
2077	3741
2078	387
2079	885
2080	892
2080	3082
2080	4700
2080	4993
2081	3186
2082	330
2082	1385
2082	2225
2082	3196
2083	3330
2085	931
2086	4329
2087	4024
2088	2115
2089	3418
2090	525
2091	2223
2092	2489
2093	3250
2094	3084
2095	1279
2096	1608
2097	582
2098	682
2098	2970
2099	78
2099	466
2099	2244
2099	3336
2101	1320
2103	4732
2104	2948
2105	1148
2106	1974
2107	464
2108	4826
2109	443
2110	4815
2111	2278
2112	3202
2112	4762
2113	2630
2114	1527
2115	1512
2116	603
2117	3425
2118	2717
2119	696
2119	816
2119	2579
2119	5157
2120	948
2121	3812
2122	2521
2123	4978
2125	2467
2126	3752
2127	1877
2128	1324
2129	3449
2130	2838
2131	0
2131	2426
2132	2549
2133	5065
2134	1560
2134	4857
2134	5067
2135	1951
2135	3573
2135	4004
2135	5972
2136	2847
2136	3792
2137	2438
2138	5002
2139	5118
2140	204
2140	268
2141	2776
2142	1567
2143	3244
2143	4588
2143	4719
2144	1280
2144	1459
2144	5790
2145	8
2145	2741
2145	4790
2145	5454
2146	621
2147	3268
2148	3900
2149	1052
2149	2336
2149	2628
2149	3554
2149	4103
2149	5016
2150	1849
2151	842
2152	2727
2153	4840
2154	4068
2156	7
2158	151
2159	4934
2161	790
2162	5195
2163	2926
2164	693
2166	143
2167	2182
2168	4021
2169	1563
2170	1807
2171	1773
2172	1009
2174	2333
2175	4532
2176	4074
2178	1861
2179	1847
2179	2532
2179	2874
2180	2983
2181	2594
2181	4667
2182	1832
2182	3500
2182	4511
2182	4545
2182	5340
2184	2307
2185	1879
2186	1490
2187	121
2188	545
2189	725
2189	2569
2189	3332
2189	3564
2189	4862
2190	1355
2191	467
2191	1304
2191	2955
2191	4246
2192	2500
2193	562
2193	3248
2195	3088
2195	3145
2195	4149
2196	2263
2197	2361
2198	2453
2200	744
2201	1265
2202	420
2203	2179
2203	4645
2203	4779
2204	2073
2204	2162
2204	3522
2205	405
2206	5331
2207	4921
2208	1555
2209	4622
2210	477
2210	2755
2211	2527
2211	2602
2212	2696
2213	5287
2214	3725
2216	1749
2217	3420
2218	1986
2219	518
2220	295
2220	4086
2221	33
2221	2572
2221	2609
2221	4251
2222	2750
2224	1242
2225	4192
2226	1039
2226	2463
2226	2605
2226	3884
2226	5906
2227	1981
2228	4065
2230	3641
2231	4033
2232	4559
2233	2949
2235	4948
2236	432
2236	3191
2237	4646
2238	1911
2238	3306
2238	4874
2239	806
2240	3866
2241	2210
2241	4097
2242	3787
2242	6045
2243	3106
2243	4452
2244	2530
2245	1581
2245	2133
2245	3063
2245	3475
2246	367
2246	1742
2247	2332
2248	5327
2249	4504
2250	4686
2251	2760
2252	2412
2252	4751
2252	4938
2252	5877
2253	1427
2253	2729
2253	2771
2254	5294
2255	2242
2256	213
2257	1381
2257	1705
2258	1837
2259	12
2259	1695
2260	2317
2261	1518
2262	1997
2262	2678
2264	570
2265	4655
2266	4680
2268	4484
2269	864
2269	4882
2269	5019
2270	2732
2271	1022
2272	2818
2274	979
2275	4072
2276	1751
2276	4411
2276	5094
2277	4694
2279	615
2280	899
2281	2328
2283	4754
2284	407
2285	1028
2286	4264
2288	2800
2289	1957
2290	5229
2292	1155
2292	2084
2292	2293
2293	369
2293	3781
2293	3864
2293	3883
2294	2077
2295	2728
2296	212
2297	2962
2298	1678
2299	898
2300	444
2301	4249
2302	776
2302	959
2302	4388
2303	92
2303	2089
2303	5301
2304	2957
2305	4852
2306	1998
2306	3575
2307	1190
2307	2551
2307	3906
2308	3365
2308	5387
2309	531
2310	645
2311	937
2314	4232
2315	3934
2317	618
2317	4888
2318	3435
2319	2560
2321	4095
2322	3972
2323	1411
2324	24
2324	274
2324	374
2325	631
2325	1076
2325	5168
2326	3878
2327	396
2328	4499
2328	5289
2329	768
2330	3081
2331	2677
2332	1613
2333	3086
2334	1384
2335	2904
2336	5106
2337	4361
2339	1000
2339	1120
2339	3962
2339	4143
2341	3340
2342	2395
2343	4092
2344	4858
2346	1106
2347	2833
2349	1815
2349	5485
2349	5697
2349	5700
2349	6043
2349	6127
2349	6168
2350	844
2352	4507
2353	3644
2354	3699
2355	263
2356	3672
2357	834
2358	981
2359	3273
2360	2394
2361	2398
2361	4290
2363	1413
2365	3245
2366	4730
2367	2518
2368	2001
2369	4385
2370	1435
2370	2751
2371	1662
2371	2516
2372	1907
2374	3933
2375	4841
2376	2658
2377	3164
2379	2622
2380	2285
2381	3498
2381	5003
2382	690
2382	2731
2382	3577
2383	1341
2384	488
2385	2439
2385	3569
2385	3889
2385	5020
2385	5750
2386	282
2387	3310
2388	4041
2389	1642
2390	1803
2390	2834
2390	3816
2392	389
2393	331
2394	1823
2395	672
2395	3662
2397	44
2398	4137
2399	3292
2399	5407
2399	5431
2399	5834
2399	5932
2399	6073
2399	6076
2399	6145
2401	2676
2402	243
2403	3535
2404	3090
2405	4498
2406	4520
2407	865
2407	4479
2408	3096
2409	4271
2410	542
2411	2673
2413	5082
2414	1801
2414	3085
2415	4616
2417	5170
2419	2634
2420	2593
2421	514
2422	4702
2423	2671
2423	2745
2423	3971
2423	5535
2423	5542
2424	384
2425	3266
2427	1905
2428	5204
2429	4705
2432	1060
2433	3646
2433	4795
2434	5185
2435	3206
2436	724
2437	4965
2438	2573
2439	190
2440	3615
2440	5212
2441	2248
2441	5225
2441	5349
2441	5382
2442	593
2443	4078
2444	2913
2445	3285
2446	5358
2446	5725
2448	1472
2448	2846
2448	3777
2449	541
2450	810
2450	1055
2450	1809
2450	5820
2451	3831
2452	3999
2453	1296
2454	2822
2455	2743
2456	3678
2457	1962
2457	2736
2457	5248
2458	2269
2459	2523
2460	4557
2461	3658
2462	4657
2463	2920
2464	3613
2465	224
2465	2494
2465	5424
2467	4430
2467	5813
2469	3477
2470	1551
2471	1016
2471	1268
2471	4669
2472	504
2472	602
2472	4817
2473	3783
2474	161
2474	1782
2474	4850
2474	5086
2475	2584
2476	4115
2477	5024
2478	3786
2480	1710
2481	5063
2482	498
2483	103
2483	794
2483	2107
2484	1680
2484	4554
2484	4562
2485	811
2487	438
2488	4365
2490	3069
2490	3220
2492	1949
2493	3587
2494	1359
2494	2778
2495	1335
2496	5298
2497	4611
2498	339
2499	3450
2501	1936
2502	1990
2502	3103
2503	41
2503	2284
2503	4959
2503	5756
2504	5311
2505	275
2507	757
2508	2265
2508	3036
2508	5101
2510	327
2511	308
2511	5135
2512	4896
2512	4923
2514	4240
2515	4005
2516	650
2516	3983
2517	3552
2518	4708
2519	1329
2520	3499
2521	4768
2522	1273
2522	4543
2523	1118
2524	4459
2525	4136
2526	3372
2527	4446
2528	2199
2529	1369
2529	1756
2530	1352
2530	1400
2531	3371
2532	3761
2533	1202
2534	3118
2535	3651
2535	5246
2536	805
2537	4288
2538	1015
2538	4148
2538	4405
2539	4818
2540	376
2542	3844
2544	2175
2545	924
2545	1497
2545	3912
2545	4722
2546	5236
2547	428
2548	134
2549	191
2550	2644
2550	3141
2550	3987
2551	2480
2552	787
2552	2443
2552	2853
2553	3163
2554	2919
2554	2950
2555	4394
2556	2098
2557	2166
2558	5056
2559	3397
2561	162
2562	626
2562	763
2562	1922
2562	2038
2563	5163
2564	1111
2564	5089
2564	5993
2565	4090
2566	5130
2566	5312
2567	3633
2568	2941
2569	1977
2570	2008
2572	1206
2572	3429
2573	1914
2573	2157
2573	4343
2573	5463
2574	598
2575	2217
2577	2311
2578	145
2578	984
2578	1702
2578	2059
2579	543
2580	3234
2582	3773
2583	4314
2584	2625
2585	540
2586	1948
2587	2643
2588	3395
2589	59
2589	3144
2589	3416
2589	5487
2590	1684
2590	4951
2591	2908
2592	4628
2593	1891
2593	2899
2594	429
2595	619
2596	4085
2597	1417
2598	1179
2600	172
2601	1972
2601	3073
2601	3684
2601	5345
2602	3182
2603	135
2603	3691
2603	4914
2604	88
2605	470
2606	1080
2608	4371
2610	3367
2612	4084
2612	4330
2613	2601
2614	2012
2615	399
2616	2392
2617	2366
2618	2901
2619	1130
2619	2455
2619	2703
2619	4717
2620	249
2620	1100
2620	1963
2621	2023
2621	4447
2622	993
2622	5908
2623	4837
2624	1622
2625	1548
2626	2382
2627	4996
2629	5035
2630	2142
2631	891
2632	4845
2633	2689
2634	2020
2634	4205
2636	5213
2637	1729
2638	4469
2639	717
2639	933
2639	2381
2639	3094
2640	2730
2642	1436
2642	1707
2643	1085
2644	3366
2646	2167
2647	3528
2648	2804
2649	5007
2649	5524
2649	5546
2649	5671
2649	5725
2649	5918
2649	6015
2650	430
2652	532
2653	824
2654	4489
2655	3167
2656	2742
2657	1626
2658	479
2659	4976
2660	3243
2661	851
2662	1220
2662	1579
2662	2445
2662	5429
2663	2027
2665	3089
2666	2404
2666	3080
2666	3307
2667	4968
2668	513
2668	3939
2669	3181
2670	1539
2671	4237
2671	5869
2672	3913
2677	4810
2678	1580
2681	4835
2682	1020
2683	5154
2684	5285
2685	1032
2685	4625
2686	2697
2687	1668
2687	4955
2688	4027
2688	4216
2689	3180
2690	2376
2691	2054
2693	1619
2693	2342
2693	2566
2694	4196
2695	967
2697	2585
2697	4973
2697	5506
2698	4615
2699	3591
2701	1520
2702	4961
2703	2421
2703	2655
2703	2746
2704	500
2704	1402
2704	3711
2705	5335
2706	3562
2707	866
2707	1794
2707	1925
2707	4306
2708	858
2708	1667
2708	5231
2709	2965
2710	2857
2711	137
2712	4067
2713	220
2714	2611
2714	4267
2715	3955
2715	6105
2716	1787
2717	3840
2718	2127
2719	1434
2720	2864
2721	1844
2723	2894
2724	812
2725	4729
2726	5143
2727	499
2727	734
2727	756
2727	1306
2727	2895
2729	1217
2730	954
2731	4142
2732	2132
2732	3664
2733	3260
2734	3403
2735	1445
2736	1768
2737	2440
2738	3797
2739	983
2740	2691
2741	14
2742	4972
2742	5291
2744	3175
2744	4455
2744	4962
2745	3381
2746	3093
2746	3123
2747	31
2747	2753
2747	5280
2748	3299
2749	2657
2750	3703
2751	3704
2752	636
2753	1908
2754	3194
2755	1590
2755	3030
2756	1332
2757	4014
2758	2977
2759	3764
2760	3384
2761	657
2762	362
2763	18
2764	357
2764	6103
2765	3207
2767	2233
2768	3990
2770	276
2771	4808
2772	283
2773	1440
2773	1838
2773	2540
2773	5471
2774	2603
2775	4946
2776	4594
2778	3616
2778	4981
2779	2122
2781	1630
2783	3709
2784	2910
2785	1867
2785	4652
2786	3390
2787	2528
2788	1674
2789	1605
2790	2349
2790	2724
2791	1137
2791	3045
2791	3111
2792	2482
2793	3497
2794	1528
2795	3157
2797	917
2798	361
2800	875
2801	1534
2801	1653
2803	1964
2803	2246
2803	3565
2803	3845
2804	1643
2805	4886
2806	2762
2807	871
2808	4432
2809	1694
2809	2774
2809	4035
2810	2976
2811	1573
2811	4540
2813	2196
2814	3917
2815	4180
2816	5129
2817	3237
2818	4889
2820	3722
2821	3172
2822	2354
2823	1480
2823	2034
2823	3345
2824	1915
2825	3674
2827	4788
2828	1672
2828	2025
2828	2227
2829	1001
2829	1351
2829	2254
2829	3126
2830	3843
2831	2002
2832	3187
2833	426
2834	4878
2836	5048
2837	2668
2838	4301
2839	3789
2840	3281
2841	4121
2842	198
2842	433
2842	1455
2843	261
2843	3607
2843	4250
2844	3188
2845	556
2846	1474
2847	2905
2848	3174
2849	596
2849	947
2849	2472
2849	4829
2850	4407
2851	3531
2852	1309
2852	1456
2852	1726
2852	4188
2853	1358
2854	3756
2854	3896
2854	6130
2856	2177
2857	4809
2858	1992
2859	3062
2859	4796
2860	5543
2860	5842
2861	3714
2862	3819
2863	1391
2864	1618
2865	5119
2866	491
2867	1583
2867	5219
2868	177
2868	2958
2869	1634
2869	5561
2870	2684
2871	218
2871	601
2871	1221
2871	3550
2872	4701
2873	2763
2874	4
2875	1109
2875	1525
2876	1821
2878	1099
2879	4378
2880	4568
2881	1721
2881	5240
2882	1144
2882	3457
2882	4390
2883	5227
2884	2108
2885	1189
2886	2009
2887	303
2887	1789
2887	6118
2889	2664
2890	4785
2891	1786
2893	835
2893	1140
2894	4715
2895	777
2896	516
2896	1806
2896	5098
2897	2406
2897	5152
2898	2147
2899	3872
2900	2259
2902	576
2902	2181
2904	1765
2905	2978
2906	2401
2907	440
2907	1216
2908	2266
2909	4580
2910	980
2910	1193
2910	1750
2910	2624
2911	4780
2913	2340
2914	36
2914	2076
2914	5329
2915	5271
2916	6
2916	2028
2917	1271
2917	5276
2918	1745
2919	2092
2920	3690
2921	1344
2921	2805
2921	5040
2921	5126
2921	5592
2922	3927
2924	2300
2924	2718
2925	3070
2927	936
2928	903
2929	4036
2929	4590
2929	5731
2930	1513
2931	2206
2931	3612
2931	4069
2932	56
2932	424
2932	4509
2933	1703
2933	2559
2934	3929
2934	5617
2935	17
2935	1485
2935	3626
2935	4600
2935	5822
2936	4770
2937	1836
2937	5436
2937	5755
2938	4575
2939	61
2940	435
2940	549
2940	795
2940	1833
2941	79
2942	1862
2943	3696
2944	3037
2945	520
2945	1717
2946	2510
2947	808
2948	1425
2949	2260
2950	3879
2951	643
2951	1162
2952	2723
2953	1042
2953	1322
2954	2939
2955	1222
2955	3795
2956	922
2958	2758
2960	1731
2961	3225
2961	4077
2961	5158
2962	3592
2963	3150
2965	5001
2966	2488
2966	2596
2967	2721
2967	4635
2968	445
2969	51
2969	578
2969	1481
2970	3568
2971	714
2972	2537
2973	3760
2974	1683
2975	4185
2976	183
2976	2149
2976	5397
2976	5490
2976	5650
2976	5792
2976	5886
2977	4480
2978	837
2979	5034
2980	1715
2980	3239
2980	3793
2980	4310
2981	1530
2982	1439
2983	1248
2983	2704
2983	3378
2984	1919
2985	450
2986	1872
2987	3959
2988	2444
2989	1281
2989	1368
2989	1443
2989	5029
2989	5211
2989	5895
2990	2005
2993	2010
2994	2868
2995	141
2996	616
2997	3112
2998	2071
2999	4412
3000	2420
3001	4848
3001	5032
3002	4055
3003	3440
3004	3863
3005	1500
3006	2574
3006	2616
3007	2153
3007	3581
3008	1494
3009	897
3010	206
3011	1811
3012	3995
3012	5242
3012	5734
3015	4693
3016	4618
3018	3715
3019	3534
3020	3422
3021	1021
3023	149
3023	3702
3023	5270
3024	859
3024	2990
3025	422
3026	3327
3027	3012
3027	4022
3029	3294
3030	210
3031	3997
3032	4017
3033	3716
3034	97
3035	3439
3036	1013
3036	2509
3036	3427
3038	1743
3039	10
3039	678
3039	971
3040	965
3040	3109
3040	3738
3041	1150
3042	4598
3042	4853
3042	5696
3044	1249
3046	529
3046	4208
3046	4493
3047	3071
3047	3647
3047	5140
3048	695
3048	5306
3049	4376
3050	1706
3050	4913
3051	2866
3052	2178
3053	2469
3055	3589
3056	1314
3057	1007
3057	4083
3057	4997
3058	1414
3058	3447
3058	4569
3059	1072
3060	2843
3061	2065
3062	1006
3063	3001
3064	2973
3065	912
3066	4451
3066	5373
3066	5405
3066	5449
3066	5467
3066	5622
3066	5760
3066	5776
3066	5826
3066	5885
3066	5960
3066	5998
3067	3130
3068	3649
3069	2049
3070	403
3071	2403
3072	3637
3073	2454
3074	809
3074	4210
3074	4859
3074	5742
3075	1354
3076	457
3078	4236
3079	1127
3079	1349
3080	2681
3080	3002
3080	4397
3081	5015
3082	1374
3082	3242
3082	3335
3082	4550
3082	5929
3083	3667
3083	4814
3083	4945
3084	260
3084	906
3085	321
3086	3121
3087	2416
3088	861
3088	3876
3089	1152
3089	4044
3089	4834
3090	4687
3091	1633
3091	4605
3092	62
3092	2826
3093	706
3094	2683
3094	4752
3095	677
3097	2130
3098	699
3098	1070
3098	1245
3098	1982
3098	4425
3099	769
3099	1790
3099	2367
3101	1553
3101	1725
3101	5624
3101	5633
3102	4992
3103	5309
3104	2273
3104	3950
3105	2716
3106	4984
3107	3419
3108	970
3108	4505
3109	4980
3111	3767
3112	3516
3113	307
3114	3009
3114	4241
3115	1902
3115	5186
3116	4008
3117	4098
3118	111
3120	2231
3123	3874
3124	1227
3125	5201
3126	1283
3126	1496
3127	2600
3128	4111
3129	2801
3130	431
3130	3486
3131	4025
3132	659
3133	5087
3134	2595
3135	4672
3136	4463
3137	2099
3138	2980
3139	1747
3141	4184
3142	364
3143	2911
3144	653
3145	72
3147	5258
3148	39
3149	877
3150	4262
3151	4786
3152	972
3153	1592
3154	3981
3155	1601
3156	2975
3157	4102
3157	4546
3158	101
3158	4856
3159	3544
3160	4865
3161	1081
3161	1301
3161	3288
3161	4534
3162	4139
3163	1119
3164	4449
3166	2695
3167	4998
3169	4537
3170	270
3171	5046
3172	1846
3173	1924
3173	5912
3174	2952
3175	2884
3175	5234
3176	738
3177	1857
3177	2112
3177	5144
3178	427
3179	1741
3180	1987
3180	2803
3181	4474
3182	2669
3183	3223
3183	3313
3185	5039
3186	3665
3187	4272
3188	2640
3190	5191
3191	4778
3192	5324
3193	398
3194	408
3196	1779
3197	2629
3198	2872
3199	2237
3200	611
3201	1261
3201	5122
3202	3203
3203	3717
3203	5160
3205	2364
3205	3779
3205	4037
3206	2515
3208	1282
3209	1113
3211	2351
3212	3501
3213	3258
3214	1272
3215	202
3215	1047
3215	2228
3218	2195
3219	4734
3220	1098
3221	4234
3222	4971
3223	4849
3224	194
3224	2057
3224	4392
3225	5725
3226	2475
3227	341
3228	2813
3228	5381
3228	5504
3228	5785
3228	5939
3230	5105
3232	1866
3233	128
3234	4270
3235	5023
3236	203
3237	2091
3239	670
3239	3986
3241	1943
3242	2280
3243	732
3243	4887
3244	3463
3245	69
3246	2783
3247	358
3248	2706
3249	2877
3251	1423
3256	1804
3257	3763
3258	4696
3259	839
3260	1842
3262	3847
3262	4726
3263	918
3263	1661
3264	4391
3265	2155
3265	4787
3268	658
3269	2890
3270	1232
3271	248
3271	748
3271	1888
3272	257
3272	1587
3273	186
3273	1149
3273	2612
3273	4140
3274	5027
3275	4581
3276	3721
3277	2400
3278	3597
3279	2918
3280	3344
3280	3657
3280	5117
3282	4910
3283	1537
3284	463
3284	1791
3285	139
3286	5133
3287	4079
3288	4323
3289	737
3289	2322
3290	838
3290	3376
3290	4883
3290	4906
3291	2310
3292	818
3292	5435
3292	5667
3292	5834
3292	6076
3293	4367
3294	1736
3295	3673
3296	668
3296	2995
3296	4006
3296	5356
3296	5526
3296	5771
3296	5965
3296	6024
3296	6075
3298	2780
3300	3807
3301	175
3302	4276
3303	311
3303	634
3303	4120
3305	512
3305	702
3305	1713
3305	3385
3306	635
3307	3742
3308	2013
3309	2483
3310	2768
3311	2198
3311	2680
3311	3444
3311	3891
3311	5528
3313	3151
3315	3238
3316	586
3318	2384
3319	3342
3320	4080
3321	156
3324	3348
3325	1646
3326	580
3328	3670
3328	4146
3328	4172
3328	5754
3329	4764
3330	550
3331	4659
3332	796
3333	1671
3333	4275
3334	483
3336	496
3336	4478
3336	5199
3337	4756
3338	1854
3339	5142
3340	5049
3340	5243
3341	5178
3342	4116
3343	1294
3344	1776
3346	5193
3347	378
3348	4604
3349	2262
3349	2577
3350	1115
3350	4419
3350	5114
3351	1401
3353	5132
3354	784
3355	1345
3355	2635
3356	5278
3357	867
3358	2297
3359	955
3360	1012
3361	1035
3363	3828
3364	1477
3366	1138
3366	2118
3366	2301
3366	3177
3367	4104
3368	265
3369	1850
3370	5267
3371	4051
3372	3152
3373	4189
3374	962
3375	1465
3376	1444
3377	225
3378	2917
3379	1210
3380	1079
3383	2649
3384	1825
3385	109
3386	1143
3386	2240
3386	4341
3386	5093
3387	4902
3388	1682
3389	4177
3390	675
3392	2749
3394	1920
3395	3548
3396	1557
3397	5054
3399	3601
3400	2257
3401	4977
3402	4152
3404	709
3404	1209
3404	4512
3404	5399
3405	644
3406	5014
3407	9
3408	4282
3409	2893
3410	832
3410	4204
3411	2120
3412	1463
3413	1382
3414	107
3414	3465
3414	3800
3415	5789
3416	3574
3417	1816
3417	3041
3417	5190
3418	370
3419	1134
3419	1818
3419	2436
3420	3218
3421	1453
3422	4417
3423	2190
3424	85
3425	317
3426	301
3427	2654
3428	2543
3429	708
3431	3412
3432	3064
3434	1377
3435	1461
3436	3054
3436	3076
3436	5081
3437	4293
3438	2214
3438	2828
3438	3078
3438	4324
3439	313
3439	873
3439	5069
3440	4007
3442	4944
3443	1748
3444	4749
3445	3199
3446	349
3446	1712
3448	4918
3449	20
3450	4296
3451	2808
3453	3897
3454	252
3454	262
3455	2078
3455	5365
3455	5474
3455	5476
3455	5668
3455	5686
3455	5845
3455	5934
3455	6049
3455	6148
3456	2885
3457	1578
3457	3029
3457	4157
3458	2383
3459	3411
3459	4057
3460	1939
3461	3005
3462	2298
3463	3387
3464	5232
3465	920
3466	1540
3468	233
3468	1257
3469	3553
3470	2617
3471	80
3472	1616
3472	2379
3472	4335
3472	5904
3473	3556
3474	1426
3474	3982
3474	4052
3475	3296
3475	3596
3476	1316
3476	4213
3477	1168
3477	2546
3477	3504
3477	4936
3477	6007
3478	3382
3479	2060
3479	2279
3479	5247
3481	956
3482	3796
3483	4612
3485	3068
3486	4228
3487	4560
3487	5230
3488	3160
3489	2072
3490	1983
3491	4898
3492	2357
3493	3083
3494	3339
3495	3235
3495	3490
3495	3798
3496	4802
3497	2450
3498	3100
3500	1276
3501	4536
3501	4897
3502	3105
3503	3303
3504	3269
3504	5127
3505	1380
3506	4939
3507	4670
3508	4287
3509	437
3510	2201
3512	1366
3512	1389
3512	1889
3512	5116
3513	324
3514	671
3514	759
3514	2775
3514	5077
3516	881
3517	691
3517	3570
3517	3634
3518	3520
3519	5198
3520	3049
3521	2212
3521	5334
3522	1561
3523	401
3525	886
3525	4377
3526	2194
3526	2878
3528	4040
3529	4833
3530	3124
3531	3473
3533	2610
3533	5050
3534	1906
3534	2974
3535	4983
3536	38
3536	47
3536	3515
3536	3546
3537	1187
3537	1253
3537	4994
3538	325
3539	996
3539	5263
3540	4571
3541	2842
3542	112
3543	2726
3544	1708
3546	164
3546	3219
3547	688
3548	2274
3548	3688
3549	3639
3550	2954
3551	727
3551	5322
3552	5011
3554	5055
3555	1403
3555	1954
3556	2347
3557	1263
3558	2035
3559	4284
3560	1178
3560	4757
3560	5505
3561	904
3562	2531
3563	1577
3564	4265
3565	3441
3566	3804
3567	1647
3567	4434
3568	2373
3569	1542
3570	2095
3570	2981
3570	4126
3570	4626
3571	4431
3571	6088
3572	1594
3572	2733
3573	2859
3575	3585
3576	3837
3577	1984
3577	5913
3578	2249
3579	5315
3580	205
3581	639
3581	1607
3581	3485
3581	4647
3582	815
3583	1585
3584	4254
3585	1624
3586	2809
3587	721
3588	4792
3589	2087
3590	612
3591	3859
3591	4010
3591	4812
3592	247
3592	509
3593	37
3594	5176
3595	146
3596	2539
3597	2168
3597	4830
3597	6030
3598	2360
3598	4989
3599	3861
3600	1094
3601	2134
3602	1504
3602	2387
3602	3057
3602	3287
3604	1300
3607	1700
3608	3312
3609	2292
3610	2942
3611	2867
3611	5147
3612	5080
3613	3074
3613	4851
3614	3509
3615	1614
3616	652
3617	309
3617	803
3617	872
3618	2425
3619	4132
3620	3572
3622	1568
3623	1603
3624	2312
3625	1554
3625	2715
3626	4082
3627	739
3627	3017
3628	857
3629	2795
3631	1418
3631	4793
3632	292
3633	2306
3633	5244
3634	2189
3635	2346
3636	3014
3637	4561
3638	914
3638	2767
3639	1430
3640	963
3642	3328
3642	4488
3642	5710
3643	2702
3644	1289
3645	1240
3646	238
3647	2019
3648	1609
3649	2511
3651	5149
3652	2845
3653	3298
3655	1337
3656	1762
3657	2650
3658	94
3658	1083
3658	3521
3658	3830
3659	3020
3660	2295
3660	5380
3660	5460
3660	5475
3660	5517
3660	5693
3660	5797
3660	5896
3660	5928
3660	6012
3660	6027
3661	1566
3662	1723
3663	3545
3664	400
3665	77
3665	476
3665	2529
3665	4171
3666	2320
3667	4828
3668	4824
3669	3004
3670	1696
3671	1432
3672	3803
3673	705
3673	3011
3674	3650
3675	3951
3676	3935
3677	2785
3678	5251
3679	4839
3680	4071
3681	264
3682	1361
3682	1720
3682	2103
3682	2858
3683	4467
3683	5353
3683	6051
3683	6119
3684	3476
3686	3019
3687	2568
3689	2734
3691	4054
3692	5026
3693	4675
3694	1772
3695	4356
3696	1219
3697	1952
3698	5121
3700	1415
3701	4247
3702	2374
3702	2831
3704	23
3704	1479
3705	2114
3706	1903
3707	3890
3708	2105
3709	4454
3710	35
3711	1431
3712	57
3712	5403
3712	5423
3712	5488
3712	5580
3712	5582
3712	5640
3712	5767
3712	5783
3712	6124
3712	6171
3713	1767
3713	3056
3714	353
3714	492
3714	4503
3714	5288
3715	1970
3716	3120
3717	1492
3718	2226
3719	4920
3720	1628
3721	3734
3722	802
3723	2296
3724	1565
3725	4660
3726	3817
3727	1441
3728	2211
3729	5224
3731	2892
3732	4892
3733	4304
3734	564
3736	2505
3737	1950
3738	250
3740	5292
3741	3168
3743	2794
3744	1913
3744	3898
3744	4725
3745	3462
3746	4220
3747	4253
3748	1046
3748	2390
3748	3727
3749	2086
3750	4763
3752	2832
3753	2154
3753	2582
3754	604
3754	1543
3754	4042
3755	4191
3756	5189
3757	3827
3758	3251
3759	2041
3760	3841
3762	2081
3763	2429
3764	654
3765	2700
3765	4416
3766	312
3767	4570
3768	5128
3769	2769
3769	4334
3770	3870
3770	4639
3771	2564
3771	4541
3772	3936
3773	3964
3774	4596
3775	201
3776	1004
3777	4339
3778	4666
3779	4799
3780	302
3781	760
3782	195
3783	2618
3784	355
3785	2144
3786	4695
3787	719
3788	1738
3788	1840
3788	2909
3788	4475
3789	5332
3791	3958
3792	2247
3793	184
3793	2876
3794	1234
3795	613
3796	581
3796	2121
3796	4825
3797	2698
3797	5683
3798	3713
3800	1589
3801	2169
3801	4281
3802	494
3803	318
3804	1192
3805	730
3806	273
3806	2576
3806	5612
3807	3984
3808	1003
3809	174
3809	1735
3810	3980
3811	4039
3812	1763
3813	1158
3814	2267
3814	3261
3814	4623
3815	1679
3816	1783
3817	1648
3818	4175
3819	4904
3820	131
3822	716
3823	2807
3824	1931
3825	185
3826	87
3826	1547
3826	4633
3827	4215
3828	193
3828	2407
3828	4401
3829	2319
3830	138
3831	1469
3832	4970
3834	1881
3834	1923
3834	3352
3834	4263
3834	4632
3835	1037
3837	4585
3838	2880
3839	3952
3840	1606
3842	3132
3844	1054
3844	3648
3845	4496
3846	5328
3847	2739
3848	1275
3848	4366
3849	1882
3850	2827
3851	2863
3852	2434
3852	3267
3852	4916
3853	814
3855	700
3855	2773
3856	152
3856	5446
3858	5174
3859	3430
3860	115
3861	546
3862	3492
3863	173
3864	1824
3865	4269
3866	3869
3867	5131
3869	1124
3869	4658
3870	3922
3871	761
3871	4684
3871	5162
3872	3728
3873	726
3874	3087
3875	1199
3876	2343
3877	2513
3878	2197
3878	3039
3878	3726
3878	5538
3878	5698
3879	1476
3880	2787
3882	68
3883	554
3885	2011
3886	1292
3887	130
3889	5066
3890	2554
3891	2388
3891	2514
3892	439
3893	4890
3894	2969
3895	3388
3896	383
3897	304
3899	4091
3900	1239
3901	4746
3901	4929
3902	2810
3902	4775
3902	4823
3903	3212
3903	5342
3904	5282
3905	1686
3906	2772
3908	651
3909	4320
3910	661
3911	4949
3913	54
3914	4163
3915	966
3916	5044
3917	2331
3918	1066
3918	1798
3919	884
3919	3759
3920	1946
3921	5031
3922	3911
3922	4063
3923	104
3924	567
3924	3708
3926	4202
3927	393
3927	3676
3928	1404
3929	1027
3930	3147
3931	3396
3932	3361
3932	5996
3933	2583
3934	2614
3935	4806
3936	4158
3937	3315
3938	786
3938	4285
3938	4345
3939	1303
3939	2207
3939	2944
3939	4595
3941	1270
3941	4128
3942	4165
3944	2940
3945	5194
3946	1346
3947	4867
3948	3006
3949	3276
3950	3461
3951	3505
3952	2176
3953	372
3954	4524
3954	5265
3955	228
3955	4947
3956	4043
3957	99
3957	122
3958	363
3958	2435
3958	4239
3958	5228
3959	4464
3960	4758
3961	1733
3962	4476
3963	2315
3963	4843
3964	1928
3965	1719
3965	3048
3966	1254
3967	1784
3968	3632
3969	2686
3971	241
3972	2316
3973	5053
3974	573
3976	5108
3977	5719
3978	1002
3978	1195
3978	3156
3978	3452
3978	4698
3979	4932
3980	3655
3981	1656
3982	684
3982	3856
3983	3923
3983	4682
3984	486
3984	1043
3985	1620
3986	957
3987	2022
3987	3887
3988	4753
3989	2994
3990	2442
3991	3095
3992	628
3992	3747
3992	4521
3992	5816
3993	1260
3993	1286
3994	279
3995	1116
3995	1502
3995	5156
3996	474
3996	1529
3996	3171
3997	480
3998	4088
3999	779
4000	3636
4001	676
4001	2151
4002	114
4002	4195
4003	2641
4004	2496
4005	3614
4006	4372
4007	804
4007	1819
4007	3119
4007	4238
4007	5549
4008	1290
4009	2064
4010	2033
4011	2694
4012	229
4013	2534
4014	236
4015	868
4015	2752
4016	1664
4017	4995
4018	1049
4019	2018
4019	2050
4019	3213
4020	2902
4022	4668
4023	473
4023	3539
4024	5120
4025	1921
4026	316
4028	1036
4029	622
4030	338
4031	2535
4032	1010
4033	3994
4034	3426
4035	293
4036	1061
4037	3778
4038	1250
4039	1685
4041	3464
4042	849
4043	1521
4044	1855
4044	4443
4045	352
4046	3110
4047	160
4048	3920
4049	1638
4050	2646
4052	258
4053	2003
4055	4155
4056	1693
4057	823
4058	1509
4058	2964
4058	4714
4059	1308
4059	4472
4060	3471
4062	1814
4065	3398
4066	1212
4066	1429
4066	2912
4067	3484
4069	765
4071	2784
4072	1362
4073	3766
4073	4181
4073	5300
4074	1064
4075	1353
4076	862
4077	5181
4078	2933
4078	5221
4079	2299
4080	291
4081	2208
4081	4230
4082	254
4082	3211
4082	4164
4082	5880
4083	4073
4084	829
4084	1800
4084	5369
4084	5453
4084	5726
4085	3022
4086	489
4087	4135
4088	4586
4090	1091
4091	1310
4091	3015
4091	3323
4092	1852
4093	278
4094	3617
4095	266
4096	3399
4096	5169
4097	2193
4098	4299
4099	4206
4100	4333
4101	4233
4101	4863
4102	958
4103	2555
4103	3801
4104	4194
4105	2889
4106	3608
4106	3685
4106	4508
4107	584
4107	4209
4107	4774
4108	1893
4109	1860
4111	1985
4112	360
4112	2642
4112	2675
4112	3799
4114	3931
4114	5524
4114	5546
4114	5725
4114	5918
4114	6015
4115	731
4115	1774
4115	4278
4116	3894
4117	4673
4117	6054
4118	656
4118	5399
4119	4200
4120	487
4121	1433
4123	5336
4124	1584
4125	3865
4126	4718
4127	3277
4128	1317
4130	3698
4131	1780
4132	647
4132	1376
4132	5603
4132	5751
4133	4248
4134	1641
4134	3526
4134	4117
4134	4558
4134	5931
4135	144
4135	4028
4135	4400
4135	4842
4136	208
4138	801
4139	4931
4141	2234
4142	4528
4143	4421
4144	788
4144	1944
4144	3229
4144	4690
4145	998
4146	4089
4147	728
4148	2047
4149	4350
4150	1549
4150	4915
4150	6040
4151	478
4152	4963
4154	3561
4155	1313
4155	3155
4155	5552
4156	4677
4157	1082
4158	1965
4159	2172
4160	2881
4161	1659
4164	3949
4165	2256
4166	1933
4167	60
4168	2921
4169	2854
4170	950
4170	2468
4170	4468
4171	3154
4172	1293
4172	2839
4172	4640
4173	1233
4173	5052
4174	2462
4175	3675
4176	4207
4176	5308
4177	4444
4178	366
4178	1604
4179	246
4179	683
4179	2188
4179	3391
4180	4579
4181	610
4182	1139
4183	1514
4184	822
4186	1820
4187	3624
4188	4941
4189	1868
4190	5478
4191	4742
4192	1416
4193	197
4193	4477
4194	2030
4195	3881
4196	2356
4196	3271
4196	5579
4197	356
4198	2140
4199	1340
4201	110
4202	2046
4203	459
4204	4597
4206	337
4207	373
4208	2318
4209	1176
4210	3192
4211	1025
4212	3770
4213	323
4213	1112
4214	4340
4215	1870
4215	4399
4216	413
4217	3700
4218	207
4219	322
4219	909
4219	1328
4219	5138
4220	3431
4221	3488
4222	736
4223	565
4223	3079
4223	3317
4223	5364
4223	5376
4223	5408
4223	5420
4223	5425
4223	5429
4223	5470
4223	5479
4223	5498
4223	5501
4223	5551
4223	5560
4223	5654
4223	5664
4223	5690
4223	5728
4223	5773
4223	5798
4223	5800
4223	5825
4223	5835
4223	5849
4223	5882
4223	5968
4223	6072
4223	6079
4223	6123
4223	6150
4223	6152
4223	6166
4224	558
4224	926
4224	4424
4225	2216
4226	2647
4227	750
4228	994
4229	5223
4230	2710
4230	4305
4232	4169
4233	3311
4234	4130
4235	2173
4236	1034
4237	2101
4237	2888
4237	3401
4237	4362
4238	2464
4239	1044
4241	328
4241	2871
4242	354
4242	4053
4242	5520
4243	371
4244	697
4245	2887
4246	3038
4247	4439
4249	1910
4249	5293
4250	1058
4251	1467
4251	1793
4251	4433
4252	2931
4253	2627
4254	98
4255	2567
4255	3351
4256	1734
4256	4150
4256	4765
4258	3832
4259	1123
4259	2433
4260	4295
4261	3170
4261	3692
4262	469
4262	1612
4262	1652
4262	3044
4262	3456
4263	485
4264	3758
4264	4060
4264	4338
4265	3718
4266	665
4266	1596
4266	2984
4267	48
4267	2239
4268	4289
4270	1856
4271	50
4271	1235
4272	703
4273	3460
4274	181
4275	1621
4275	3410
4276	3247
4277	2252
4278	3201
4279	3274
4280	1676
4280	2375
4281	2067
4282	2989
4282	3455
4283	124
4284	1699
4285	256
4286	4298
4287	1484
4288	1724
4289	5092
4290	2756
4291	1478
4291	4641
4292	4529
4294	943
4295	3305
4297	3347
4299	388
4300	1869
4301	1874
4302	2815
4303	1636
4304	1323
4305	4070
4306	2967
4307	2399
4308	1246
4309	2329
4309	3104
4310	1541
4310	3963
4311	4018
4312	853
4313	1942
4314	4510
4315	4773
4317	4009
4318	1673
4319	2430
4320	5302
4321	3436
4322	456
4322	985
4322	1562
4322	2219
4323	2925
4324	1802
4325	2131
4327	770
4328	874
4328	1297
4328	1326
4328	2830
4329	2492
4331	2971
4331	3508
4331	4838
4332	3415
4333	2141
4334	148
4335	412
4336	3210
4337	789
4338	3369
4339	3842
4340	649
4340	1318
4340	4982
4341	2184
4341	2321
4342	4638
4343	4650
4344	614
4344	3719
4345	3710
4346	4589
4346	5238
4347	4548
4348	242
4348	3826
4349	2524
4350	2222
4351	1388
4353	3640
4354	2397
4354	3730
4354	4453
4354	5326
4354	5822
4355	4606
4356	4470
4357	1170
4357	2109
4357	4458
4357	4713
4358	3965
4359	1511
4360	5146
4362	932
4362	942
4362	2504
4363	5183
4363	5967
4364	3496
4365	1556
4366	19
4367	977
4368	2449
4370	2146
4371	3324
4372	188
4372	1508
4372	1918
4372	4112
4372	5831
4373	4047
4374	1499
4374	3204
4375	3354
4376	1033
4376	1631
4377	3205
4378	2497
4379	4344
4380	821
4380	2185
4380	2557
4380	3495
4381	4461
4382	1993
4384	1831
4384	2682
4384	2988
4385	1545
4386	4203
4387	1114
4387	3578
4388	1576
4389	189
4390	3149
4391	2281
4392	3538
4392	3945
4392	4409
4392	5349
4394	1343
4395	686
4396	449
4400	2883
4401	627
4402	1558
4402	3386
4402	5112
4403	1760
4404	2261
4404	2779
4404	3458
4405	2907
4406	235
4406	5012
4407	863
4408	4058
4409	285
4410	4720
4411	4953
4412	1658
4412	5508
4413	2352
4413	3940
4413	3946
4413	6140
4414	902
4415	5590
4416	5975
4417	5920
4418	5553
4419	5994
4420	5935
4422	5709
4423	5730
4424	6077
4425	6134
4426	5362
4427	5466
4427	5496
4427	5666
4427	5961
4427	5963
4428	5975
4429	5628
4430	5699
4431	5955
4431	5966
4432	5626
4433	5481
4433	6050
4434	5484
4435	5553
4436	5979
4437	5975
4438	5723
4439	5975
4440	5371
4440	5430
4440	5564
4440	5818
4440	6074
4441	5629
4443	5626
4444	6163
4445	5623
4446	5889
4447	5465
4448	5975
4449	5975
4450	6010
4451	5758
4452	6131
4453	6131
4454	5975
4455	5553
4456	5626
4457	5411
4457	5443
4457	5596
4457	5714
4457	5814
4457	5838
4457	5938
4457	6069
4457	6093
4458	5428
4460	5975
4461	5897
4462	6165
4463	5975
4464	5975
4465	6131
4466	5591
4466	6003
4467	5477
4468	6164
4469	5981
4470	5975
4471	5975
4472	5673
4473	5975
4474	5851
4475	5897
4476	5653
4477	6042
4478	5833
4479	5750
4479	6070
4480	5874
4481	5736
4482	5975
4483	5975
4485	5628
4486	5534
4487	5649
4488	5628
4488	5736
4489	5975
4490	6083
4491	5761
4491	5830
4491	5887
4491	5974
4491	6146
4492	5553
4494	5899
4495	6038
4496	5595
4497	5753
4498	5975
4499	5975
4500	5716
4501	6055
4502	5975
4503	5975
4504	5404
4504	5555
4504	5681
4504	5776
4504	5777
4505	5444
4506	5975
4507	5628
4508	5975
4508	6032
4509	5554
4511	6131
4512	5553
4513	6066
4514	5881
4515	6144
4516	6131
4517	6099
4518	5975
4519	5975
4520	5500
4521	5860
4522	5758
4523	5634
4524	5975
4525	5499
4526	5992
4527	5736
4528	5975
4529	6084
4530	6044
4530	6061
4531	5975
4532	5437
4532	5646
4533	5736
4534	5541
4534	5948
4534	6111
4535	5975
4536	5626
4537	5626
4538	5473
4539	5553
4540	5412
4541	5591
4541	5909
4541	6003
4542	5975
4543	5626
4544	5555
4545	6020
4546	5847
4547	5975
4548	6131
4549	5819
4550	5606
4551	5979
4552	5628
4553	6131
4555	5553
4556	5374
4557	5628
4558	5905
4559	6078
4560	6131
4561	5553
4562	5628
4563	5626
4564	5975
4565	5628
4566	5859
4567	6109
4568	5736
4569	6157
4570	5468
4571	5590
4572	5772
4572	6116
4573	5553
4574	5374
4575	5828
4576	5925
4576	5986
4577	5811
4578	5553
4580	5722
4581	5553
4582	5665
4583	5975
4584	5457
4585	5467
4586	5610
4588	5430
4588	5564
4588	5720
4588	5801
4588	5818
4588	5827
4588	6068
4588	6074
4589	5975
4590	6131
4591	5553
4592	5573
4593	5553
4594	5355
4595	5396
4595	5398
4596	5649
4597	5975
4598	5975
4599	5553
4600	5786
4600	5975
4600	6032
4601	6131
4602	6131
4603	5724
4604	5975
4605	5975
4606	5975
4607	6098
4609	5434
4610	5492
4611	6089
4612	5975
4613	5688
4614	5727
4615	5788
4616	5553
4617	6164
4618	6131
4619	5975
4620	5553
4621	5975
4622	5759
4623	5605
4623	5888
4624	5626
4625	5638
4626	5902
4627	5388
4628	5600
4629	5586
4630	5441
4631	5553
4632	6010
4633	5947
4634	5374
4635	6095
4636	6131
4637	5374
4638	5452
4639	5495
4639	5670
4639	5837
4640	5483
4640	5672
4640	5861
4641	6062
4642	6131
4643	5975
4644	5975
4645	5711
4646	5736
4647	5901
4649	5553
4650	6131
4651	5514
4652	5553
4653	5553
4654	6147
4655	5372
4656	5856
4657	5975
4658	5963
4659	5975
4660	5711
4660	6060
4661	5567
4662	5553
4663	5521
4664	5425
4664	5429
4664	5479
4664	5498
4664	5728
4664	5849
4664	5968
4664	6079
4665	5815
4666	5553
4667	5553
4668	6113
4669	5870
4671	6141
4672	5969
4673	5374
4674	5736
4675	5374
4676	5575
4677	6147
4678	5997
4679	6131
4680	5975
4681	5553
4682	5975
4683	6131
4684	5455
4684	5695
4684	5777
4684	5866
4685	5736
4686	5628
4687	5553
4688	5821
4689	5657
4690	6110
4691	5975
4692	5626
4693	5975
4694	5758
4695	6131
4696	5709
4697	5553
4698	5383
4699	5374
4700	5619
4701	5872
4702	5628
4703	5392
4704	6156
4705	5975
4706	5839
4707	5626
4709	5507
4710	5736
4711	5534
4712	5395
4713	5553
4714	5553
4715	5852
4716	5367
4717	5736
4718	5691
4719	6131
4720	5975
4721	5990
4722	5507
4722	6028
4723	6058
4724	6086
4725	5916
4726	5536
4727	5553
4728	6090
4729	5608
4729	5631
4730	5402
4731	5379
4732	5374
4733	5391
4733	6025
4734	5553
4735	5958
4736	5975
4737	5975
4738	5553
4739	6047
4740	5374
4741	5736
4742	6138
4743	5741
4744	5975
4745	5830
4746	5883
4747	5346
4748	5975
4749	5774
4750	5469
4750	5658
4752	5975
4753	5553
4754	6131
4755	5553
4757	5628
4758	6101
4759	5449
4760	5802
4761	6131
4762	5975
4763	5975
4764	6131
4765	6092
4767	6039
4768	5421
4768	5912
4770	5984
4771	5897
4772	6131
4773	5628
4774	5709
4775	5497
4775	5585
4775	5974
4776	6006
4777	6131
4778	5390
4780	5553
4781	5897
4782	5459
4782	5910
4782	6080
4782	6125
4783	5510
4784	6131
4785	5898
4786	5984
4787	6094
4789	5951
4790	5374
4791	5890
4792	5628
4793	5456
4794	5575
4795	6013
4796	6087
4797	5975
4799	5581
4800	5685
4800	5752
4800	6112
4801	5975
4802	6131
4803	5975
4804	5389
4805	5839
4806	6131
4807	5374
4808	5628
4809	5975
4810	5704
4812	5823
4813	5803
4814	5960
4815	5553
4816	6131
4817	5385
4819	5628
4820	5699
4821	5607
4822	5374
4824	5975
4825	6131
4826	5599
4827	6013
4828	5430
4828	5564
4828	5818
4828	5973
4828	6068
4828	6074
4832	6099
4834	6115
4835	5529
4835	5749
4835	6117
4836	5930
4837	5553
4838	6091
4839	5766
4841	6060
4842	5947
4843	5775
4844	5589
4845	6014
4847	6037
4848	5894
4850	5975
4851	6164
4852	5486
4853	5509
4854	5374
4856	6131
4857	5736
4858	5718
4859	5975
4860	5594
4860	5708
4860	5880
4861	5604
4862	6162
4863	5975
4864	5553
4865	5450
4865	5661
4865	5981
4866	6011
4867	5565
4868	5897
4869	5975
4870	5810
4872	5788
4873	5662
4874	5628
4875	5553
4876	5846
4877	5553
4878	5360
4878	5544
4879	5462
4880	6131
4881	5736
4882	5578
4883	5815
4884	5628
4885	5373
4886	6131
4887	5875
4888	5406
4888	5440
4888	5507
4888	5545
4888	5561
4888	5562
4888	5630
4888	5632
4888	5637
4888	5682
4888	5803
4888	5850
4888	5892
4888	5923
4888	6004
4888	6136
4889	5784
4890	5434
4890	5536
4890	5570
4890	5649
4890	5699
4890	6131
4890	6161
4891	5598
4892	6131
4893	5975
4894	5536
4895	5386
4896	5374
4897	5840
4898	6164
4899	6034
4899	6170
4900	5561
4900	5626
4900	5791
4900	5815
4900	5853
4900	5933
4900	5977
4900	5989
4900	6063
4901	6131
4902	5707
4903	5954
4905	6131
4906	5464
4906	5602
4906	6005
4907	5975
4908	6034
4909	6121
4910	5553
4911	5788
4912	5975
4913	6131
4914	5817
4915	6114
4916	5553
4917	5553
4918	5975
4919	6107
4920	5553
4921	5804
4922	5445
4922	6139
4923	6131
4924	6099
4925	5809
4926	5743
4927	5601
4928	5808
4929	5736
4930	6016
4931	5975
4932	5527
4932	5609
4933	6131
4934	5347
4935	5628
4936	5628
4936	5736
4937	5384
4938	5553
4940	6056
4941	6058
4942	5652
4943	5473
4944	5626
4944	5815
4945	5553
4946	5975
4948	5748
4949	5553
4950	5552
4951	5975
4952	5553
4953	5962
4954	6131
4956	5553
4957	6041
4958	5536
4958	5570
4958	5649
4958	5699
4958	6131
4958	6161
4959	5628
4960	5412
4962	6010
4963	5936
4964	5975
4965	5975
4966	5975
4967	5949
4968	5553
4970	5702
4971	5678
4972	5598
4973	5628
4974	5778
4974	5964
4974	6137
4975	5975
4976	5975
4977	6131
4978	5432
4979	5502
4980	5468
4981	5975
4982	5374
4983	5626
4984	5647
4985	5770
4986	6131
4987	5764
4988	5975
4989	5628
4990	5614
4991	5626
4992	6131
4993	5674
4994	5975
4995	5645
4997	5774
4998	5955
4999	5553
5000	5553
5001	6131
5002	5677
5003	5799
5004	5553
5005	5550
5005	5648
5005	5946
5005	5982
5006	5377
5007	5448
5008	5975
5009	5924
5010	5626
5011	5374
5012	5628
5013	6158
5014	5352
5015	5553
5016	5942
5017	5548
5018	5627
5019	6108
5020	5553
5021	6022
5022	5858
5023	5532
5024	5975
5025	6164
5026	5419
5027	6131
5028	6131
5029	5732
5030	5829
5031	5736
5032	6031
5033	5975
5034	5680
5035	5374
5036	5915
5037	5975
5038	6021
5039	6131
5040	5945
5041	5947
5042	5566
5042	5616
5042	5985
5043	5975
5044	5876
5045	5643
5046	5713
5046	5940
5047	5976
5048	5651
5049	6035
5050	5796
5051	5447
5052	6133
5053	5975
5054	5628
5055	5553
5056	5721
5057	5975
5058	5417
5059	5611
5060	5628
5061	5919
5062	5747
5063	5438
5063	5893
5063	6167
5064	5944
5065	5911
5066	6096
5067	5590
5067	6099
5068	6131
5069	5442
5070	5794
5071	5975
5072	5553
5073	5628
5074	5842
5076	5839
5077	6018
5078	5618
5078	5642
5078	5857
5078	6053
5078	6155
5079	5926
5080	5481
5081	5975
5082	5701
5082	5807
5082	5867
5082	6100
5082	6135
5082	6170
5084	5975
5086	5374
5087	5830
5088	6131
5089	5553
5090	6060
5091	5975
5092	5975
5093	5937
5094	5628
5095	5522
5096	5628
5097	6154
5098	5601
5098	5944
5099	5975
5101	5500
5102	5951
5103	5975
5104	6120
5105	5952
5106	5947
5108	6131
5109	6132
5110	5610
5111	5553
5112	5711
5113	5721
5115	5481
5116	5553
5117	5975
5118	5953
5119	5553
5120	5955
5121	5786
5122	5566
5122	5616
5122	5985
5123	5628
5124	5374
5125	5921
5125	6102
5126	5975
5127	5587
5128	5941
5130	6164
5131	5975
5132	5786
5133	6131
5134	5975
5135	5689
5136	5975
5137	5843
5138	5545
5139	5762
5140	6131
5141	5628
5142	5553
5143	6131
5144	5975
5145	6122
5146	5736
5147	5374
5148	5626
5149	6082
5150	5975
5152	6160
5153	5975
5154	5975
5155	5531
5156	5439
5157	5553
5158	5628
5159	6131
5160	5374
5161	5532
5161	5569
5161	5663
5161	5782
5161	6019
5161	6057
5162	5975
5163	5864
