0	497
1	207
2	829
3	1615
4	1024
5	458
6	106
7	829
8	408
9	1321
10	1325
11	1413
12	489
13	1319
14	1577
15	290
16	1441
17	179
18	642
19	147
20	27
21	1332
22	487
23	754
24	249
25	419
26	1114
27	1358
28	444
29	1454
30	400
31	999
32	1156
33	1526
34	152
35	1431
36	817
37	1208
38	1485
39	705
40	964
41	1358
42	424
43	1500
44	1302
45	999
46	453
47	1260
48	1214
49	385
50	1584
51	58
52	220
53	1524
54	441
55	1047
56	506
57	1529
58	735
59	591
60	510
61	600
62	330
63	497
64	1127
65	1431
66	1364
67	597
68	1198
69	72
70	1146
71	892
72	163
73	1445
74	276
75	777
76	1175
77	105
78	1094
79	1245
80	871
81	403
82	1416
83	409
84	260
85	801
86	113
87	1523
88	1604
89	951
90	747
91	1476
92	1609
93	1186
94	263
95	1621
96	1417
97	1137
98	1422
99	1431
100	819
101	1413
102	410
103	1145
104	1451
105	685
106	517
107	1243
108	834
109	1105
110	148
111	96
112	78
113	1431
114	370
115	174
116	366
117	823
118	869
119	9
120	157
121	1355
122	310
123	1391
124	403
125	273
126	215
127	823
128	1552
129	489
130	312
131	1344
132	184
133	38
134	1408
135	224
136	481
137	1607
138	1234
139	1413
140	665
141	788
142	198
143	914
144	339
145	98
146	1085
147	1272
148	491
149	240
150	545
151	1106
152	1481
153	1243
154	316
155	124
156	208
157	1022
158	213
159	649
160	839
161	1241
162	860
163	1412
164	1413
165	789
166	1207
167	1510
168	609
169	1139
170	31
171	286
172	1122
173	1267
174	909
175	745
176	1343
177	828
178	1609
179	1201
180	207
181	247
182	1397
183	160
184	800
185	8
186	143
187	126
188	296
189	947
190	240
191	363
192	1391
193	1448
194	696
195	1355
196	1537
197	1250
198	273
199	989
200	855
201	1564
202	671
203	1344
204	564
205	675
206	1035
207	1583
208	450
209	86
210	1591
211	289
212	727
213	1210
214	909
215	1286
216	403
217	1483
218	1431
219	1161
220	483
221	1430
222	1453
223	836
224	488
225	317
226	239
227	1372
228	424
229	286
230	909
231	240
232	909
233	342
234	1330
235	165
236	889
237	558
238	829
239	348
240	1070
241	180
242	1200
243	1393
244	1184
245	615
246	805
247	1350
248	807
249	81
250	1030
251	362
252	909
253	920
254	1165
255	1031
256	524
257	179
258	442
259	366
260	1602
261	1227
262	1319
263	179
264	1358
265	600
266	266
267	354
268	529
269	179
270	804
271	259
272	717
273	462
274	450
275	124
276	48
277	1546
278	1448
279	810
280	1182
281	692
282	1482
283	761
284	506
285	827
286	1325
287	1185
288	34
289	1388
290	893
291	401
292	1510
293	157
294	404
295	1607
296	1462
297	1126
298	146
299	508
300	1428
301	655
302	1404
303	909
304	1498
305	735
306	1348
307	11
308	420
309	1605
310	1182
311	1123
312	1362
313	457
314	868
315	1104
316	919
317	390
318	439
319	157
320	1261
321	1227
322	72
323	1483
324	112
325	964
326	43
327	887
328	1262
329	452
330	802
331	1353
332	378
333	366
334	80
335	1586
336	18
337	610
338	808
339	559
340	592
341	910
342	30
343	695
344	1311
345	637
346	207
347	184
348	528
349	258
350	1252
351	644
352	646
353	649
354	424
355	1
356	1607
357	1413
358	1510
359	897
360	1524
361	1371
362	1370
363	379
364	1375
365	541
366	949
367	1243
368	1028
369	1246
370	198
371	1632
372	997
373	387
374	560
375	672
376	1463
377	1164
378	360
379	309
380	1510
381	173
382	1243
383	72
384	1333
385	1214
386	1243
387	1266
388	666
389	45
390	58
391	637
392	114
393	1057
394	22
395	789
396	1413
397	1111
398	863
399	41
400	1313
401	544
402	528
403	568
404	966
405	1126
406	1431
407	1598
408	1229
409	337
410	1576
411	1028
412	803
413	1460
414	759
415	81
416	370
417	1539
418	248
419	1548
420	104
421	668
422	1008
423	1548
424	1441
425	564
426	612
427	434
428	55
429	1391
430	123
431	733
432	908
433	1215
434	76
435	775
436	763
437	373
438	880
439	1039
440	1410
441	1419
442	179
443	1367
444	823
445	1343
446	573
447	1491
448	465
449	933
450	1391
451	170
452	353
453	1032
454	366
455	144
456	1520
457	1376
458	1137
459	542
460	868
461	1131
462	623
463	366
464	439
465	1565
466	625
467	1616
468	1041
469	1182
470	248
471	686
472	1646
473	1092
474	646
475	983
476	924
477	321
478	1319
479	572
480	148
481	84
482	240
483	717
484	62
485	912
486	1226
487	1325
488	328
489	985
490	851
491	1530
492	1413
493	676
494	1249
495	588
496	1522
497	796
498	1050
499	1018
500	694
501	481
502	486
503	627
504	471
505	313
506	411
507	216
508	934
509	616
510	1413
511	1546
512	1360
513	1184
514	366
515	1191
516	1191
517	256
518	1584
519	1356
520	1543
521	1468
522	510
523	819
524	951
525	276
526	157
527	1414
528	739
529	1341
530	366
531	792
532	749
533	1610
534	1497
535	1567
536	562
537	122
538	95
539	1448
540	698
541	712
542	1058
543	1292
544	1372
545	1037
546	10
547	974
548	850
549	242
550	1251
551	1172
552	770
553	1362
554	268
555	1030
556	170
557	899
558	561
559	1577
560	1614
561	1556
562	819
563	788
564	1280
565	761
566	545
567	1589
568	1105
569	124
570	1472
571	1277
572	763
573	1038
574	836
575	574
576	32
577	65
578	1089
579	238
580	808
581	616
582	1317
583	1314
584	909
585	411
586	1208
587	610
588	769
589	1520
590	206
591	836
592	514
593	971
594	808
595	1383
596	594
597	518
598	1005
599	1068
600	131
601	125
602	1469
603	160
604	437
605	999
606	177
607	1162
608	1413
609	426
610	199
611	877
612	439
613	45
614	1285
615	1465
616	329
617	857
618	908
619	68
620	1030
621	650
622	322
623	861
624	652
625	863
626	1478
627	93
628	1607
629	1298
630	876
631	81
632	999
633	1249
634	1037
635	403
636	1613
637	620
638	1650
639	908
640	787
641	559
642	1263
643	909
644	609
645	1241
646	110
647	1332
648	600
649	388
650	920
651	911
652	1174
653	1283
654	1413
655	919
656	911
657	660
658	946
659	327
660	1021
661	549
662	1510
663	405
664	728
665	172
666	221
667	763
668	77
669	41
670	351
671	909
672	982
673	1472
674	1614
675	241
676	338
677	1195
678	1626
679	211
680	152
681	1058
682	1375
683	1112
684	1439
685	1440
686	1328
687	402
688	106
689	512
690	1297
691	1319
692	527
693	914
694	102
695	442
696	1480
697	1213
698	411
699	481
700	343
701	1609
702	479
703	618
704	432
705	1611
706	800
707	1492
708	570
709	696
710	77
711	147
712	980
713	1118
714	833
715	1444
716	1045
717	234
718	1005
719	1510
720	1488
721	137
722	1029
723	897
724	283
725	454
726	610
727	1054
728	972
729	644
730	759
731	897
732	1049
733	639
734	1416
735	403
736	998
737	1067
738	176
739	1612
740	426
741	1509
742	1621
743	259
744	216
745	823
746	1072
747	157
748	1087
749	1450
750	571
751	737
752	529
753	1533
754	1619
755	227
756	610
757	1041
758	841
759	747
760	327
761	335
762	1539
763	1093
764	51
765	1595
766	717
767	595
768	1098
769	1510
770	1390
771	325
772	1016
773	999
774	1394
775	947
776	1472
777	898
778	1118
779	1284
780	581
781	555
782	442
783	501
784	1375
785	438
786	981
787	610
788	914
789	51
790	309
791	446
792	458
793	1194
794	1103
795	1164
796	793
797	1200
798	1134
799	1363
800	1567
801	468
802	467
803	509
804	344
805	297
806	829
807	87
808	571
809	706
810	286
811	229
812	1060
813	1088
814	352
815	1465
816	1279
817	660
818	1168
819	606
820	477
821	157
822	442
823	1173
824	1609
825	200
826	421
827	101
828	1338
829	257
830	662
831	773
832	1380
833	289
834	536
835	1274
836	1559
837	196
838	829
839	88
840	1037
841	346
842	880
843	587
844	439
845	1417
846	1524
847	852
848	577
849	717
850	443
851	296
852	853
853	610
854	1114
855	193
856	758
857	1029
858	366
859	1295
860	1033
861	1443
862	402
863	288
864	1375
865	1229
866	1135
867	366
868	1236
869	179
870	1243
871	1413
872	403
873	907
874	25
875	366
876	1465
877	581
878	1348
879	670
880	1256
881	982
882	1042
883	1198
884	718
885	1358
886	32
887	976
888	77
889	309
890	1413
891	304
892	1121
893	14
894	999
895	170
896	369
897	1467
898	138
899	1363
900	735
901	366
902	48
903	1468
904	609
905	1462
906	709
907	1249
908	1637
909	661
910	1018
911	656
912	1299
913	829
914	668
915	1595
916	1413
917	503
918	633
919	675
920	1388
921	263
922	609
923	89
924	251
925	293
926	1093
927	21
928	1287
929	62
930	531
931	448
932	159
933	1547
934	1356
935	764
936	1532
937	533
938	1219
939	1616
940	640
941	1564
942	366
943	224
944	999
945	1313
946	506
947	1030
948	790
949	999
950	860
951	679
952	1418
953	829
954	366
955	473
956	889
957	635
958	1472
959	1638
960	696
961	1359
962	134
963	680
964	904
965	173
966	778
967	1413
968	843
969	1154
970	1338
971	1536
972	1616
973	777
974	1377
975	610
976	682
977	1380
978	1227
979	1368
980	988
981	611
982	611
983	213
984	1075
985	202
986	1399
987	260
988	767
989	649
990	403
991	399
992	838
993	333
994	567
995	1137
996	963
997	439
998	1427
999	355
1000	805
1001	542
1002	994
1003	410
1004	1567
1005	890
1006	154
1007	140
1008	867
1009	1087
1010	445
1011	968
1012	941
1013	206
1014	288
1015	1459
1016	157
1017	101
1018	243
1019	32
1020	1538
1021	876
1022	33
1023	606
1024	535
1025	884
1026	1153
1027	580
1028	607
1029	905
1030	1212
1031	420
1032	1364
1033	575
1034	1215
1035	1571
1036	486
1037	103
1038	1333
1039	505
1040	897
1041	506
1042	890
1043	705
1044	179
1045	458
1046	1467
1047	1075
1048	802
1049	1176
1050	1536
1051	1246
1052	1319
1053	788
1054	1567
1055	463
1056	94
1057	364
1058	1087
1059	854
1060	225
1061	296
1062	1058
1063	987
1064	1540
1065	1356
1066	756
1067	1294
1068	1513
1069	366
1070	366
1071	1431
1072	212
1073	322
1074	386
1075	29
1076	962
1077	1344
1078	19
1079	20
1080	133
1081	120
1082	58
1083	324
1084	1249
1085	243
1086	1465
1087	801
1088	8
1089	1318
1090	798
1091	1576
1092	1408
1093	947
1094	1243
1095	851
1096	707
1097	571
1098	1568
1099	1510
1100	976
1101	244
1102	769
1103	1300
1104	1092
1105	909
1106	1594
1107	1041
1108	1575
1109	366
1110	1243
1111	345
1112	347
1113	1257
1114	81
1115	1087
1116	379
1117	234
1118	33
1119	381
1120	637
1121	1391
1122	124
1123	394
1124	1413
1125	823
1126	546
1127	626
1128	1413
1129	823
1130	1227
1131	1469
1132	1472
1133	152
1134	617
1135	179
1136	1208
1137	1332
1138	1178
1139	248
1140	1503
1141	1304
1142	217
1143	1052
1144	486
1145	573
1146	766
1147	229
1148	975
1149	157
1150	1083
1151	770
1152	890
1153	636
1154	1584
1155	1306
1156	1189
1157	1199
1158	72
1159	573
1160	849
1161	780
1162	1602
1163	1618
1164	1388
1165	384
1166	748
1167	749
1168	730
1169	1003
1170	1243
1171	809
1172	567
1173	823
1174	693
1175	610
1176	366
1177	680
1178	82
1179	1141
1180	589
1181	1656
1182	627
1183	161
1184	37
1185	1396
1186	1025
1187	940
1188	34
1189	573
1190	402
1191	1482
1192	45
1193	999
1194	917
1195	571
1196	1060
1197	143
1198	1047
1199	600
1200	170
1201	1359
1202	463
1203	870
1204	851
1205	832
1206	72
1207	1354
1208	646
1209	1475
1210	866
1211	786
1212	1498
1213	1024
1214	366
1215	1452
1216	999
1217	687
1218	453
1219	1234
1220	1641
1221	1114
1222	1304
1223	500
1224	829
1225	438
1226	1100
1227	450
1228	1148
1229	1240
1230	1441
1231	1325
1232	1486
1233	456
1234	111
1235	224
1236	366
1237	1223
1238	1175
1239	979
1240	930
1241	1577
1242	425
1243	610
1244	561
1245	406
1246	1502
1247	1358
1248	129
1249	1029
1250	757
1251	1324
1252	829
1253	914
1254	370
1255	449
1256	1291
1257	259
1258	552
1259	126
1260	962
1261	737
1262	77
1263	732
1264	1646
1265	938
1266	156
1267	1309
1268	169
1269	1291
1270	206
1271	1646
1272	445
1273	1559
1274	64
1275	179
1276	290
1277	514
1278	730
1279	1046
1280	476
1281	1619
1282	851
1283	782
1284	635
1285	199
1286	634
1287	1190
1288	1520
1289	325
1290	1116
1291	1413
1292	716
1293	1137
1294	704
1295	307
1296	218
1297	1100
1298	633
1299	811
1300	1448
1301	309
1302	1570
1303	234
1304	550
1305	483
1306	677
1307	1148
1308	788
1309	728
1310	1120
1311	82
1312	1632
1313	220
1314	1283
1315	1442
1316	77
1317	46
1318	641
1319	1579
1320	631
1321	1472
1322	805
1323	319
1324	876
1325	1452
1326	421
1327	659
1328	1018
1329	184
1330	305
1331	1056
1332	256
1333	456
1334	158
1335	412
1336	93
1337	1005
1338	295
1339	1343
1340	999
1341	661
1342	401
1343	634
1344	410
1345	829
1346	1460
1347	1366
1348	1447
1349	157
1350	179
1351	241
1352	1486
1353	1092
1354	839
1355	1491
1356	90
1357	1128
1358	1039
1359	1510
1360	276
1361	794
1362	202
1363	914
1364	222
1365	1294
1366	1081
1367	605
1368	346
1369	1363
1370	131
1371	1533
1372	571
1373	1253
1374	659
1375	504
1376	353
1377	34
1378	1438
1379	439
1380	356
1381	1034
1382	1562
1383	77
1384	899
1385	1418
1386	850
1387	1598
1388	13
1389	373
1390	1161
1391	493
1392	1613
1393	1227
1394	459
1395	1359
1396	1200
1397	734
1398	1128
1399	403
1400	932
1401	182
1402	836
1403	1121
1404	206
1405	366
1406	894
1407	309
1408	1086
1409	183
1410	823
1411	72
1412	1009
1413	909
1414	439
1415	29
1416	1278
1417	1070
1418	1542
1419	736
1420	840
1421	1029
1422	286
1423	993
1424	366
1425	360
1426	83
1427	934
1428	779
1429	30
1430	682
1431	534
1432	1362
1433	1391
1434	263
1435	463
1436	1374
1437	1537
1438	139
1439	1650
1440	968
1441	1245
1442	742
1443	566
1444	74
1445	1358
1446	651
1447	815
1448	29
1449	224
1450	1083
1451	1567
1452	1565
1453	353
1454	1196
1455	1347
1456	914
1457	1017
1458	1520
1459	942
1460	1477
1461	1319
1462	450
1463	782
1464	1521
1465	309
1466	951
1467	925
1468	1039
1469	1567
1470	292
1471	1279
1472	913
1473	1334
1474	201
1475	910
1476	809
1477	894
1478	1000
1479	1035
1480	252
1481	923
1482	1093
1483	762
1484	1446
1485	880
1486	1510
1487	581
1488	870
1489	691
1490	366
1491	962
1492	124
1493	1030
1494	1510
1495	1281
1496	535
1497	8
1498	379
1499	512
1500	1141
1501	286
1502	80
1503	770
1504	529
1505	1431
1506	587
1507	1358
1508	1164
1509	1616
1510	1585
1511	121
1512	1587
1513	1231
1514	82
1515	1009
1516	1132
1517	201
1518	684
1519	891
1520	730
1521	1058
1522	1260
1523	1076
1524	202
1525	424
1526	1524
1527	1029
1528	988
1529	825
1530	544
1531	1628
1532	45
1533	574
1534	999
1535	999
1536	1426
1537	1309
1538	254
1539	523
1540	580
1541	805
1542	77
1543	278
1544	1259
1545	1413
1546	571
1547	720
1548	334
1549	613
1550	1545
1551	1020
1552	1470
1553	235
1554	45
1555	240
1556	158
1557	1203
1558	628
1559	514
1560	422
1561	1442
1562	309
1563	268
1564	829
1565	408
1566	383
1567	657
1568	1289
1569	510
1570	1210
1571	64
1572	1643
1573	1105
1574	442
1575	951
1576	387
1577	42
1578	179
1579	848
1580	381
1581	999
1582	366
1583	1609
1584	724
1585	1506
1586	503
1587	1477
1588	114
1589	1201
1590	1135
1591	1380
1592	991
1593	615
1594	1097
1595	1413
1596	1513
1597	1603
1598	8
1599	1486
1600	1141
1601	193
1602	1450
1603	1567
1604	908
1605	606
1606	377
1607	951
1608	873
1609	296
1610	823
1611	379
1612	413
1613	1531
1614	366
1615	1567
1616	1127
1617	1262
1618	93
1619	951
1620	990
1621	1332
1622	1640
1623	1039
1624	495
1625	313
1626	999
1627	1148
1628	366
1629	1234
1630	1326
1631	1442
1632	149
1633	407
1634	843
1635	441
1636	366
1637	1522
1638	379
1639	1549
1640	288
1641	1469
1642	1057
1643	1110
1644	815
1645	1535
1646	1293
1647	667
1648	1652
1649	394
1650	1391
1651	1507
1652	1577
1653	313
1654	366
1655	534
1656	72
1657	1447
1658	610
1659	610
1660	286
1661	762
1662	1359
1663	1359
1664	384
1665	1335
1666	902
1667	1363
1668	1163
1669	445
1670	459
1671	346
1672	1480
1673	85
1674	366
1675	1335
1676	882
1677	1537
1678	646
1679	366
1680	900
1681	1363
1682	72
1683	1621
1684	1609
1685	1476
1686	332
1687	1188
1688	823
1689	1655
1690	696
1691	1222
1692	363
1693	1395
1694	834
1695	415
1696	1097
1697	1606
1698	490
1699	728
1700	720
1701	865
1702	1009
1703	184
1704	1550
1705	1005
1706	1487
1707	188
1708	649
1709	690
1710	442
1711	1486
1712	1607
1713	1088
1714	971
1715	1443
1716	452
1717	838
1718	77
1719	1650
1720	366
1721	1245
1722	1325
1723	991
1724	1535
1725	909
1726	600
1727	885
1728	392
1729	1489
1730	1210
1731	79
1732	633
1733	1241
1734	249
1735	909
1736	1285
1737	506
1738	898
1739	586
1740	519
1741	1169
1742	1119
1743	486
1744	1168
1745	1408
1746	1276
1747	442
1748	442
1749	394
1750	1608
1751	170
1752	1168
1753	588
1754	1195
1755	1471
1756	581
1757	1394
1758	1041
1759	1378
1760	1079
1761	1344
1762	812
1763	179
1764	1306
1765	726
1766	1257
1767	41
1768	366
1769	72
1770	794
1771	961
1772	531
1773	920
1774	568
1775	357
1776	51
1777	157
1778	1209
1779	157
1780	402
1781	1589
1782	366
1783	968
1784	271
1785	1310
1786	117
1787	993
1788	1585
1789	133
1790	185
1791	934
1792	124
1793	1141
1794	964
1795	1324
1796	909
1797	10
1798	1413
1799	999
1800	397
1801	51
1802	1249
1803	280
1804	301
1805	506
1806	721
1807	564
1808	417
1809	1572
1810	1582
1811	1407
1812	793
1813	1025
1814	999
1815	1413
1816	1647
1817	964
1818	1431
1819	1408
1820	1316
1821	1499
1822	986
1823	951
1824	145
1825	179
1826	735
1827	226
1828	366
1829	77
1830	106
1831	215
1832	897
1833	1243
1834	867
1835	869
1836	1584
1837	934
1838	1071
1839	216
1840	971
1841	574
1842	510
1843	489
1844	1343
1845	637
1846	179
1847	1394
1848	476
1849	553
1850	1094
1851	235
1852	954
1853	772
1854	1354
1855	551
1856	1559
1857	999
1858	103
1859	1408
1860	403
1861	498
1862	1358
1863	1332
1864	1470
1865	1147
1866	1093
1867	366
1868	236
1869	50
1870	708
1871	617
1872	1592
1873	1136
1874	800
1875	1009
1876	359
1877	467
1878	1047
1879	1138
1880	403
1881	1234
1882	546
1883	696
1884	765
1885	173
1886	1103
1887	554
1888	72
1889	1413
1890	503
1891	1153
1892	1141
1893	370
1894	1196
1895	1159
1896	1524
1897	1567
1898	506
1899	93
1900	528
1901	256
1902	534
1903	1009
1904	1252
1905	805
1906	83
1907	576
1908	281
1909	179
1910	1285
1911	1155
1912	1453
1913	630
1914	29
1915	1491
1916	1557
1917	530
1918	133
1919	383
1920	1359
1921	986
1922	1094
1923	1215
1924	1177
1925	1524
1926	831
1927	249
1928	740
1929	1448
1930	319
1931	962
1932	1424
1933	483
1934	616
1935	1472
1936	1206
1937	1510
1938	948
1939	1170
1940	1596
1941	46
1942	316
1943	866
1944	220
1945	96
1946	133
1947	1222
1948	616
1949	1597
1950	1137
1951	999
1952	917
1953	274
1954	1085
1955	1233
1956	31
1957	1381
1958	1294
1959	170
1960	814
1961	1243
1962	1559
1963	157
1964	394
1965	389
1966	947
1967	142
1968	1592
1969	1430
1970	1118
1971	185
1972	384
1973	1643
1974	296
1975	1126
1976	1029
1977	20
1978	1433
1979	813
1980	33
1981	808
1982	1472
1983	336
1984	1579
1985	574
1986	1221
1987	1469
1988	136
1989	220
1990	856
1991	1375
1992	1284
1993	1127
1994	879
1995	216
1996	300
1997	366
1998	91
1999	1616
2000	1567
2001	1039
2002	863
2003	645
2004	1551
2005	194
2006	1197
2007	172
2008	1413
2009	554
2010	1321
2011	306
2012	1508
2013	96
2014	366
2015	713
2016	366
2017	1344
2018	1567
2019	611
2020	61
2021	81
2022	1215
2023	890
2024	442
2025	1369
2026	450
2027	1561
2028	33
2029	708
2030	424
2031	1009
2032	1249
2033	393
2034	1589
2035	389
2036	379
2037	975
2038	741
2039	177
2040	880
2041	674
2042	1093
2043	1403
2044	609
2045	270
2046	810
2047	795
2048	1380
2049	808
2050	1560
2051	610
2052	602
2053	1004
2054	99
2055	681
2056	1213
2057	1397
2058	366
2059	492
2060	610
2061	1355
2062	1243
2063	442
2064	1237
2065	1499
2066	1411
2067	1262
2068	921
2069	1280
2070	584
2071	1604
2072	574
2073	1510
2074	664
2075	634
2076	1254
2077	1363
2078	1414
2079	1356
2080	624
2081	573
2082	154
2083	1490
2084	134
2085	732
2086	1437
2087	1545
2088	1126
2089	1319
2090	834
2091	760
2092	1197
2093	1365
2094	1325
2095	782
2096	1281
2097	1166
2098	898
2099	1007
2100	876
2101	1210
2102	403
2103	1089
2104	240
2105	291
2106	1413
2107	1464
2108	1116
2109	913
2110	808
2111	1497
2112	621
2113	160
2114	1267
2115	1353
2116	1441
2117	295
2118	711
2119	162
2120	66
2121	628
2122	52
2123	492
2124	940
2125	1604
2126	931
2127	1039
2128	993
2129	1616
2130	1291
2131	242
2132	1099
2133	29
2134	1503
2135	230
2136	286
2137	1372
2138	823
2139	660
2140	148
2141	1413
2142	1105
2143	829
2144	718
2145	935
2146	999
2147	1423
2148	1294
2149	902
2150	1247
2151	814
2152	1547
2153	142
2154	573
2155	909
2156	1064
2157	1359
2158	384
2159	377
2160	366
2161	1243
2162	35
2163	889
2164	417
2165	669
2166	476
2167	363
2168	1544
2169	1204
2170	682
2171	1477
2172	813
2173	366
2174	660
2175	1586
2176	442
2177	914
2178	823
2179	953
2180	661
2181	716
2182	25
2183	453
2184	1093
2185	272
2186	1230
2187	846
2188	811
2189	1339
2190	364
2191	129
2192	1094
2193	8
2194	571
2195	1548
2196	901
2197	1117
2198	823
2199	1333
2200	1617
2201	1514
2202	1261
2203	198
2204	646
2205	1109
2206	224
2207	75
2208	175
2209	660
2210	1148
2211	1058
2212	1359
2213	1609
2214	361
2215	139
2216	1657
2217	1299
2218	1466
2219	889
2220	1621
2221	1292
2222	573
2223	120
2224	1325
2225	20
2226	10
2227	1375
2228	1214
2229	20
2230	1024
2231	15
2232	1359
2233	142
2234	442
2235	423
2236	1332
2237	834
2238	1607
2239	206
2240	1142
2241	1501
2242	654
2243	574
2244	1249
2245	39
2246	1391
2247	1430
2248	970
2249	131
2250	380
2251	497
2252	206
2253	1418
2254	843
2255	53
2256	56
2257	197
2258	402
2259	157
2260	1413
2261	1335
2262	610
2263	1480
2264	1241
2265	1252
2266	1229
2267	1305
2268	26
2269	221
2270	71
2271	534
2272	121
2273	148
2274	1375
2275	1571
2276	1592
2277	578
2278	463
2279	897
2280	1625
2281	815
2282	610
2283	476
2284	1313
2285	1135
2286	914
2287	366
2288	660
2289	1510
2290	64
2291	134
2292	646
2293	267
2294	558
2295	1435
2296	1306
2297	829
2298	227
2299	934
2300	1097
2301	1571
2302	1584
2303	770
2304	442
2305	759
2306	1555
2307	528
2308	1336
2309	1243
2310	108
2311	115
2312	101
2313	1592
2314	1627
2315	1486
2316	120
2317	981
2318	586
2319	125
2320	658
2321	1524
2322	130
2323	1576
2324	464
2325	133
2326	890
2327	179
2328	1262
2329	1000
2330	908
2331	1192
2332	1401
2333	653
2334	1039
2335	401
2336	1579
2337	636
2338	992
2339	379
2340	366
2341	1243
2342	1510
2343	697
2344	1436
2345	311
2346	1456
2347	610
2348	1333
2349	1097
2350	19
2351	686
2352	206
2353	403
2354	939
2355	1441
2356	486
2357	1411
2358	832
2359	1437
2360	1325
2361	195
2362	57
2363	1447
2364	1457
2365	1607
2366	1335
2367	92
2368	1018
2369	51
2370	1593
2371	1363
2372	349
2373	1235
2374	1500
2375	1176
2376	220
2377	274
2378	442
2379	936
2380	537
2381	242
2382	157
2383	402
2384	838
2385	876
2386	943
2387	243
2388	364
2389	1616
2390	837
2391	251
2392	1041
2393	1042
2394	64
2395	1372
2396	546
2397	370
2398	1012
2399	190
2400	110
2401	269
2402	1255
2403	175
2404	424
2405	31
2406	532
2407	234
2408	509
2409	424
2410	633
2411	1408
2412	579
2413	1567
2414	119
2415	544
2416	1632
2417	284
2418	918
2419	825
2420	1535
2421	106
2422	1413
2423	298
2424	1576
2425	826
2426	660
2427	897
2428	403
2429	1275
2430	1051
2431	1321
2432	573
2433	442
2434	101
2435	1264
2436	533
2437	312
2438	1539
2439	1100
2440	206
2441	1474
2442	295
2443	776
2444	106
2445	1234
2446	366
2447	172
2448	329
2449	160
2450	713
2451	1294
2452	1030
2453	1071
2454	506
2455	909
2456	1285
2457	389
2458	1483
2459	1536
2460	121
2461	1169
2462	687
2463	610
2464	1630
2465	1607
2466	1327
2467	210
2468	72
2469	553
2470	636
2471	17
2472	574
2473	891
2474	715
2475	1115
2476	372
2477	871
2478	577
2479	174
2480	1249
2481	905
2482	26
2483	981
2484	1290
2485	379
2486	623
2487	1527
2488	1546
2489	1126
2490	403
2491	1428
2492	660
2493	999
2494	286
2495	1040
2496	1506
2497	914
2498	1414
2499	998
2500	610
2501	398
2502	1202
2503	299
2504	1370
2505	1042
2506	306
2507	335
2508	1469
2509	1010
2510	1116
2511	1019
2512	68
2513	506
2514	1466
2515	153
2516	1332
2517	1636
2518	610
2519	1488
2520	191
2521	1210
2522	689
2523	157
2524	1515
2525	476
2526	1337
2527	642
2528	1415
2529	242
2530	157
2531	1569
2532	1388
2533	124
2534	67
2535	974
2536	1249
2537	1340
2538	401
2539	948
2540	1495
2541	318
2542	413
2543	181
2544	415
2545	1358
2546	193
2547	531
2548	1261
2549	1607
2550	610
2551	469
2552	576
2553	1096
2554	234
2555	1148
2556	474
2557	1243
2558	1248
2559	533
2560	809
2561	814
2562	77
2563	1513
2564	1374
2565	1288
2566	12
2567	882
2568	600
2569	1295
2570	73
2571	172
2572	1621
2573	1002
2574	1210
2575	335
2576	526
2577	735
2578	1363
2579	83
2580	1372
2581	1234
2582	521
2583	1413
2584	1412
2585	507
2586	106
2587	823
2588	29
2589	794
2590	574
2591	281
2592	40
2593	353
2594	1601
2595	58
2596	288
2597	1609
2598	109
2599	16
2600	928
2601	418
2602	496
2603	389
2604	296
2605	1227
2606	179
2607	173
2608	550
2609	1277
2610	179
2611	1312
2612	1231
2613	1181
2614	453
2615	895
2616	730
2617	483
2618	796
2619	1634
2620	700
2621	712
2622	1349
2623	18
2624	1413
2625	951
2626	1578
2627	800
2628	1339
2629	494
2630	599
2631	569
2632	1580
2633	97
2634	1566
2635	845
2636	407
2637	1011
2638	1573
2639	241
2640	124
2641	121
2642	401
2643	427
2644	632
2645	1234
2646	577
2647	189
2648	1448
2649	1611
2650	521
2651	1409
2652	875
2653	1234
2654	1455
2655	811
2656	643
2657	1620
2658	1609
2659	838
2660	581
2661	497
2662	1391
2663	407
2664	101
2665	481
2666	396
2667	999
2668	1157
2669	440
2670	1291
2671	1285
2672	968
2673	1554
2674	1413
2675	366
2676	366
2677	764
2678	697
2679	902
2680	366
2681	1065
2682	7
2683	527
2684	1413
2685	47
2686	1455
2687	1408
2688	403
2689	124
2690	274
2691	732
2692	531
2693	245
2694	1408
2695	690
2696	719
2697	1249
2698	398
2699	901
2700	1030
2701	1595
2702	909
2703	1343
2704	738
2705	1413
2706	1619
2707	743
2708	744
2709	746
2710	747
2711	1307
2712	964
2713	1546
2714	1358
2715	704
2716	755
2717	1243
2718	343
2719	1597
2720	1116
2721	1413
2722	959
2723	1288
2724	533
2725	1267
2726	1493
2727	1645
2728	174
2729	430
2730	1107
2731	439
2732	902
2733	54
2734	1480
2735	779
2736	705
2737	515
2738	1172
2739	552
2740	655
2741	785
2742	789
2743	1409
2744	529
2745	442
2746	1358
2747	829
2748	747
2749	900
2750	1135
2751	1291
2752	979
2753	904
2754	735
2755	379
2756	1096
2757	1128
2758	1236
2759	1439
2760	803
2761	31
2762	101
2763	171
2764	1268
2765	1457
2766	366
2767	1413
2768	933
2769	1318
2770	1192
2771	419
2772	345
2773	1123
2774	343
2775	1517
2776	883
2777	610
2778	3
2779	499
2780	1234
2781	1038
2782	179
2783	1262
2784	1452
2785	840
2786	442
2787	408
2788	83
2789	889
2790	1615
2791	160
2792	893
2793	227
2794	373
2795	951
2796	1183
2797	1191
2798	917
2799	580
2800	864
2801	174
2802	128
2803	205
2804	805
2805	1346
2806	254
2807	277
2808	1584
2809	1227
2810	807
2811	1541
2812	1323
2813	135
2814	1467
2815	914
2816	1220
2817	1289
2818	684
2819	366
2820	1082
2821	323
2822	1510
2823	1408
2824	83
2825	750
2826	366
2827	1539
2828	874
2829	922
2830	1037
2831	753
2832	1567
2833	975
2834	776
2835	1384
2836	1658
2837	1214
2838	34
2839	404
2840	702
2841	1329
2842	1382
2843	945
2844	79
2845	511
2846	1396
2847	1569
2848	1413
2849	82
2850	155
2851	655
2852	560
2853	1356
2854	403
2855	659
2856	1391
2857	883
2858	1148
2859	1472
2860	916
2861	1609
2862	610
2863	554
2864	377
2865	1326
2866	1093
2867	1507
2868	1358
2869	1118
2870	979
2871	891
2872	1516
2873	991
2874	153
2875	1375
2876	1001
2877	442
2878	734
2879	157
2880	1164
2881	569
2882	1487
2883	1413
2884	1321
2885	1410
2886	779
2887	1607
2888	1013
2889	121
2890	1505
2891	1168
2892	756
2893	569
2894	1302
2895	160
2896	1209
2897	739
2898	927
2899	81
2900	1495
2901	538
2902	1410
2903	366
2904	1416
2905	1105
2906	1357
2907	715
2908	821
2909	376
2910	610
2911	451
2912	907
2913	293
2914	1083
2915	1047
2916	519
2917	58
2918	756
2919	1609
2920	556
2921	1518
2922	914
2923	366
2924	862
2925	1014
2926	1208
2927	259
2928	72
2929	794
2930	1133
2931	829
2932	566
2933	1295
2934	1089
2935	608
2936	1243
2937	638
2938	747
2939	822
2940	396
2941	89
2942	610
2943	528
2944	580
2945	10
2946	1584
2947	1222
2948	172
2949	993
2950	442
2951	1581
2952	1361
2953	435
2954	1125
2955	982
2956	761
2957	513
2958	4
2959	63
2960	316
2961	1608
2962	869
2963	1352
2964	634
2965	333
2966	1617
2967	1227
2968	281
2969	576
2970	1414
2971	1243
2972	215
2973	1209
2974	820
2975	823
2976	589
2977	1595
2978	1363
2979	179
2980	886
2981	335
2982	564
2983	122
2984	1442
2985	9
2986	142
2987	1303
2988	1018
2989	313
2990	688
2991	802
2992	905
2993	681
2994	1437
2995	1595
2996	903
2997	1214
2998	962
2999	910
3000	1439
3001	1342
3002	1243
3003	442
3004	1197
3005	592
3006	829
3007	1382
3008	548
3009	173
3010	678
3011	173
3012	1227
3013	366
3014	781
3015	763
3016	626
3017	1023
3018	120
3019	1335
3020	756
3021	1565
3022	710
3023	766
3024	1443
3025	1332
3026	1325
3027	1510
3028	660
3029	1609
3030	752
3031	455
3032	145
3033	1249
3034	951
3035	11
3036	1151
3037	147
3038	909
3039	1283
3040	205
3041	1285
3042	286
3043	1504
3044	319
3045	343
3046	982
3047	17
3048	1105
3049	1147
3050	627
3051	294
3052	1321
3053	784
3054	158
3055	999
3056	422
3057	480
3058	957
3059	847
3060	878
3061	279
3062	911
3063	544
3064	1116
3065	1066
3066	27
3067	1443
3068	315
3069	1655
3070	1609
3071	1158
3072	1359
3073	386
3074	844
3075	947
3076	1387
3077	660
3078	1567
3079	582
3080	773
3081	1215
3082	1241
3083	461
3084	1380
3085	706
3086	751
3087	1410
3088	1092
3089	1332
3090	377
3091	1581
3092	1343
3093	893
3094	1591
3095	610
3096	709
3097	660
3098	552
3099	164
3100	1413
3101	1171
3102	1325
3103	1011
3104	1623
3105	459
3106	829
3107	1222
3108	222
3109	573
3110	839
3111	1609
3112	1076
3113	1621
3114	789
3115	1431
3116	1121
3117	118
3118	152
3119	1626
3120	531
3121	574
3122	1037
3123	202
3124	832
3125	1120
3126	309
3127	360
3128	1042
3129	1402
3130	1253
3131	614
3132	255
3133	1642
3134	1282
3135	1215
3136	214
3137	301
3138	521
3139	1257
3140	366
3141	1484
3142	1510
3143	1422
3144	368
3145	999
3146	808
3147	280
3148	914
3149	1432
3150	1524
3151	72
3152	31
3153	1609
3154	377
3155	1359
3156	1408
3157	202
3158	1446
3159	383
3160	1309
3161	1363
3162	1567
3163	532
3164	1288
3165	1624
3166	1546
3167	1506
3168	285
3169	97
3170	1060
3171	223
3172	1311
3173	1196
3174	1469
3175	574
3176	1372
3177	1447
3178	1201
3179	157
3180	955
3181	1047
3182	1182
3183	173
3184	366
3185	999
3186	1037
3187	1494
3188	609
3189	365
3190	1420
3191	929
3192	1345
3193	428
3194	636
3195	614
3196	811
3197	1635
3198	1249
3199	610
3200	836
3201	1606
3202	843
3203	1035
3204	1332
3205	1594
3206	1301
3207	731
3208	708
3209	858
3210	617
3211	1413
3212	1310
3213	264
3214	985
3215	1408
3216	366
3217	829
3218	16
3219	120
3220	1510
3221	737
3222	309
3223	813
3224	646
3225	366
3226	1044
3227	166
3228	1224
3229	818
3230	525
3231	442
3232	1145
3233	391
3234	193
3235	228
3236	1650
3237	1562
3238	808
3239	1338
3240	488
3241	1091
3242	1372
3243	402
3244	1213
3245	413
3246	1431
3247	1422
3248	610
3249	424
3250	366
3251	1147
3252	382
3253	366
3254	1600
3255	366
3256	100
3257	402
3258	985
3259	873
3260	1595
3261	1095
3262	379
3263	309
3264	759
3265	1431
3266	1658
3267	293
3268	415
3269	1104
3270	1378
3271	332
3272	123
3273	863
3274	666
3275	24
3276	173
3277	596
3278	1625
3279	1222
3280	1388
3281	976
3282	1002
3283	1203
3284	648
3285	1639
3286	908
3287	1607
3288	1170
3289	1318
3290	25
3291	1153
3292	909
3293	1335
3294	307
3295	1113
3296	1152
3297	1239
3298	1567
3299	647
3300	6
3301	41
3302	1243
3303	403
3304	448
3305	897
3306	1030
3307	1385
3308	1430
3309	909
3310	1513
3311	1173
3312	571
3313	823
3314	30
3315	1567
3316	460
3317	366
3318	49
3319	1609
3320	429
3321	280
3322	72
3323	366
3324	413
3325	1485
3326	1434
3327	228
3328	509
3329	496
3330	1002
3331	174
3332	31
3333	314
3334	1594
3335	543
3336	1193
3337	1004
3338	1108
3339	1539
3340	44
3341	412
3342	522
3343	297
3344	1285
3345	168
3346	60
3347	41
3348	253
3349	1606
3350	93
3351	1471
3352	506
3353	733
3354	967
3355	69
3356	1197
3357	1241
3358	204
3359	1037
3360	1136
3361	223
3362	1588
3363	83
3364	101
3365	1232
3366	728
3367	747
3368	133
3369	1359
3370	422
3371	999
3372	1042
3373	1465
3374	470
3375	81
3376	1414
3377	325
3378	97
3379	1359
3380	220
3381	101
3382	610
3383	1539
3384	861
3385	1351
3386	604
3387	1520
3388	913
3389	909
3390	834
3391	202
3392	540
3393	141
3394	1286
3395	317
3396	486
3397	951
3398	969
3399	1644
3400	165
3401	155
3402	610
3403	407
3404	1090
3405	156
3406	1331
3407	1227
3408	1567
3409	308
3410	829
3411	799
3412	760
3413	219
3414	1348
3415	853
3416	1029
3417	1228
3418	485
3419	389
3420	176
3421	1375
3422	1270
3423	909
3424	355
3425	187
3426	289
3427	1258
3428	1041
3429	1396
3430	1265
3431	999
3432	779
3433	740
3434	1414
3435	1559
3436	1482
3437	1413
3438	756
3439	1242
3440	944
3441	48
3442	116
3443	351
3444	1496
3445	431
3446	782
3447	1574
3448	1089
3449	232
3450	955
3451	836
3452	36
3453	1433
3454	1036
3455	1089
3456	1037
3457	830
3458	1525
3459	1375
3460	497
3461	630
3462	439
3463	1136
3464	489
3465	119
3466	106
3467	872
3468	1489
3469	1160
3470	615
3471	1348
3472	1407
3473	628
3474	530
3475	999
3476	434
3477	914
3478	1313
3479	1511
3480	366
3481	173
3482	628
3483	1458
3484	609
3485	1373
3486	1091
3487	999
3488	21
3489	486
3490	1121
3491	1057
3492	859
3493	1111
3494	465
3495	1651
3496	294
3497	545
3498	297
3499	610
3500	168
3501	1372
3502	303
3503	386
3504	306
3505	577
3506	9
3507	1121
3508	1486
3509	821
3510	1205
3511	1333
3512	114
3513	379
3514	515
3515	72
3516	975
3517	895
3518	1135
3519	340
3520	106
3521	178
3522	1392
3523	753
3524	268
3525	149
3526	1332
3527	134
3528	452
3529	565
3530	265
3531	1238
3532	1148
3533	202
3534	1453
3535	127
3536	77
3537	369
3538	121
3539	120
3540	642
3541	45
3542	1530
3543	836
3544	817
3545	246
3546	590
3547	335
3548	1408
3549	633
3550	965
3551	708
3552	808
3553	489
3554	823
3555	701
3556	237
3557	1150
3558	452
3559	70
3560	1607
3561	408
3562	1002
3563	882
3564	487
3565	823
3566	1296
3567	275
3568	179
3569	1009
3570	725
3571	1468
3572	1069
3573	722
3574	610
3575	564
3576	481
3577	45
3578	457
3579	58
3580	316
3581	77
3582	934
3583	1552
3584	436
3585	930
3586	733
3587	610
3588	1264
3589	424
3590	415
3591	902
3592	1037
3593	864
3594	457
3595	1413
3596	319
3597	286
3598	568
3599	1239
3600	1141
3601	735
3602	842
3603	1094
3604	1037
3605	233
3606	353
3607	1053
3608	1285
3609	1001
3610	1099
3611	170
3612	1413
3613	960
3614	951
3615	1418
3616	106
3617	728
3618	472
3619	483
3620	482
3621	1181
3622	374
3623	1519
3624	1006
3625	1431
3626	927
3627	478
3628	1325
3629	810
3630	902
3631	1617
3632	484
3633	1358
3634	1609
3635	803
3636	790
3637	573
3638	982
3639	1386
3640	1631
3641	96
3642	1607
3643	1149
3644	1512
3645	1390
3646	1243
3647	1536
3648	256
3649	1138
3650	1243
3651	1229
3652	67
3653	413
3654	1102
3655	1352
3656	1430
3657	1009
3658	699
3659	38
3660	1391
3661	517
3662	1141
3663	1236
3664	520
3665	622
3666	693
3667	80
3668	532
3669	1269
3670	1472
3671	790
3672	1556
3673	1581
3674	147
3675	1654
3676	1447
3677	1294
3678	1243
3679	1058
3680	926
3681	1372
3682	891
3683	774
3684	783
3685	366
3686	46
3687	909
3688	1059
3689	829
3690	659
3691	888
3692	630
3693	1204
3694	702
3695	896
3696	442
3697	201
3698	373
3699	577
3700	405
3701	622
3702	1431
3703	589
3704	819
3705	1211
3706	175
3707	603
3708	778
3709	616
3710	46
3711	1042
3712	1464
3713	1382
3714	403
3715	756
3716	1653
3717	1537
3718	382
3719	424
3720	1214
3721	1553
3722	1174
3723	1077
3724	1404
3725	1078
3726	746
3727	173
3728	420
3729	1406
3730	638
3731	811
3732	202
3733	571
3734	836
3735	1245
3736	1478
3737	1089
3738	402
3739	366
3740	179
3741	1520
3742	338
3743	958
3744	593
3745	560
3746	1229
3747	353
3748	416
3749	1563
3750	1222
3751	1009
3752	70
3753	1553
3754	471
3755	113
3756	1005
3757	999
3758	1413
3759	442
3760	1216
3761	1333
3762	326
3763	951
3764	60
3765	552
3766	439
3767	1375
3768	67
3769	1035
3770	184
3771	873
3772	1243
3773	676
3774	1449
3775	203
3776	1561
3777	973
3778	1295
3779	244
3780	1475
3781	1061
3782	1211
3783	1611
3784	726
3785	1218
3786	571
3787	417
3788	165
3789	310
3790	1339
3791	773
3792	1014
3793	1462
3794	1452
3795	1210
3796	150
3797	908
3798	463
3799	1408
3800	1633
3801	1591
3802	1364
3803	1413
3804	1090
3805	824
3806	1047
3807	1561
3808	72
3809	396
3810	759
3811	1629
3812	533
3813	117
3814	768
3815	1133
3816	880
3817	1390
3818	1608
3819	5
3820	771
3821	173
3822	106
3823	1031
3824	413
3825	780
3826	231
3827	350
3828	646
3829	681
3830	956
3831	325
3832	1389
3833	132
3834	1421
3835	1520
3836	1273
3837	1047
3838	531
3839	1027
3840	942
3841	166
3842	917
3843	234
3844	1074
3845	1571
3846	851
3847	202
3848	568
3849	538
3850	1348
3851	113
3852	488
3853	379
3854	366
3855	1621
3856	977
3857	134
3858	1361
3859	1393
3860	1567
3861	1320
3862	703
3863	512
3864	627
3865	31
3866	920
3867	1039
3868	976
3869	951
3870	319
3871	290
3872	1535
3873	586
3874	984
3875	1413
3876	1392
3877	427
3878	206
3879	545
3880	110
3881	707
3882	1567
3883	851
3884	750
3885	585
3886	1116
3887	1413
3888	172
3889	1026
3890	1147
3891	1015
3892	1334
3893	737
3894	1356
3895	423
3896	1567
3897	1413
3898	1092
3899	813
3900	1414
3901	1080
3902	1473
3903	646
3904	23
3905	1058
3906	1644
3907	402
3908	1226
3909	489
3910	1510
3911	995
3912	906
3913	852
3914	107
3915	175
3916	1565
3917	1029
3918	1380
3919	331
3920	917
3921	1540
3922	209
3923	805
3924	982
3925	1398
3926	818
3927	463
3928	247
3929	1510
3930	341
3931	294
3932	539
3933	168
3934	881
3935	811
3936	1655
3937	610
3938	271
3939	950
3940	669
3941	546
3942	1273
3943	276
3944	442
3945	601
3946	1210
3947	157
3948	963
3949	823
3950	28
3951	199
3952	1579
3953	934
3954	563
3955	594
3956	438
3957	1527
3958	863
3959	728
3960	999
3961	801
3962	1425
3963	299
3964	978
3965	1048
3966	20
3967	379
3968	819
3969	721
3970	660
3971	812
3972	1147
3973	417
3974	120
3975	683
3976	1429
3977	177
3978	262
3979	729
3980	227
3981	1447
3982	186
3983	1272
3984	647
3985	868
3986	484
3987	918
3988	1037
3989	1571
3990	1646
3991	113
3992	1607
3993	1552
3994	1073
3995	286
3996	1101
3997	1510
3998	971
3999	1539
4000	1135
4001	34
4002	162
4003	1062
4004	254
4005	129
4006	541
4007	99
4008	1043
4009	629
4010	1215
4011	823
4012	516
4013	476
4014	558
4015	1611
4016	1124
4017	1559
4018	1288
4019	829
4020	1302
4021	1029
4022	1641
4023	590
4024	183
4025	475
4026	1294
4027	80
4028	1084
4029	193
4030	626
4031	791
4032	1413
4033	483
4034	835
4035	801
4036	673
4037	1153
4038	970
4039	1108
4040	1294
4041	1594
4042	502
4043	1271
4044	1352
4045	610
4046	889
4047	1557
4048	193
4049	287
4050	386
4051	1130
4052	1345
4053	1511
4054	992
4055	274
4056	1335
4057	1289
4058	282
4059	1244
4060	379
4061	660
4062	1128
4063	143
4064	574
4065	0
4066	829
4067	1483
4068	116
4069	1329
4070	1180
4071	192
4072	227
4073	1144
4074	976
4075	486
4076	1294
4077	1308
4078	1151
4079	730
4080	823
4081	1332
4082	1123
4083	240
4084	1047
4085	354
4086	157
4087	1609
4088	1165
4089	1174
4090	687
4091	679
4092	204
4093	951
4094	1179
4095	811
4096	254
4097	1145
4098	1140
4099	934
4100	20
4101	447
4102	1493
4103	1005
4104	681
4105	633
4106	466
4107	409
4108	952
4109	1165
4110	366
4111	1198
4112	93
4113	1333
4114	366
4115	1648
4116	1528
4117	853
4118	714
4119	1391
4120	723
4121	808
4122	976
4123	1413
4124	1534
4125	1273
4126	430
4127	666
4128	1212
4129	366
4130	1608
4131	1217
4132	1047
4133	1644
4134	45
4135	1363
4136	276
4137	666
4138	1413
4139	514
4140	510
4141	1437
4142	735
4143	172
4144	241
4145	1311
4146	414
4147	1470
4148	376
4149	563
4150	1105
4151	1200
4152	319
4153	1348
4154	1243
4155	1380
4156	1358
4157	1260
4158	1510
4159	633
4160	467
4161	880
4162	397
4163	96
4164	439
4165	193
4166	829
4167	1055
4168	382
4169	1561
4170	619
4171	442
4172	463
4173	1348
4174	35
4175	125
4176	409
4177	965
4178	806
4179	1511
4180	1599
4181	1164
4182	293
4183	319
4184	41
4185	582
4186	367
4187	496
4188	133
4189	389
4190	366
4191	59
4192	676
4193	1315
4194	610
4195	460
4196	829
4197	852
4198	395
4199	808
4200	179
4201	1255
4202	814
4203	1458
4204	1116
4205	179
4206	1039
4207	684
4208	730
4209	1609
4210	1359
4211	224
4212	759
4213	1413
4214	1323
4215	646
4216	1406
4217	1496
4218	1622
4219	1381
4220	899
4221	583
4222	819
4223	1391
4224	1150
4225	534
4226	557
4227	763
4228	261
4229	1507
4230	519
4231	366
4232	486
4233	1405
4234	113
4235	448
4236	1564
4237	114
4238	1147
4239	384
4240	1241
4241	1358
4242	629
4243	167
4244	18
4245	1111
4246	1413
4247	302
4248	707
4249	309
4250	1379
4251	1395
4252	663
4253	915
4254	1063
4255	125
4256	906
4257	1389
4258	1249
4259	250
4260	358
4261	598
4262	1592
4263	637
4264	996
4265	999
4266	528
4267	213
4268	1625
4269	366
4270	1225
4271	381
4272	2
4273	793
4274	660
4275	914
4276	263
4277	433
4278	1391
4279	875
4280	234
4281	981
4282	165
4283	1053
4284	291
4285	547
4286	934
4287	452
4288	1111
4289	658
4290	600
4291	1358
4292	770
4293	1128
4294	527
4295	1278
4296	96
4297	1355
4298	1167
4299	377
4300	1333
4301	506
4302	1243
4303	1460
4304	1041
4305	1179
4306	1510
4307	83
4308	1187
4309	1590
4310	508
4311	830
4312	481
4313	1452
4314	596
4315	1322
4316	1267
4317	1294
4318	999
4319	1437
4320	1325
4321	1472
4322	120
4323	763
4324	465
4325	999
4326	1332
4327	371
4328	286
4329	925
4330	72
4331	1591
4332	1447
4333	909
4334	1241
4335	1413
4336	142
4337	1203
4338	202
4339	457
4340	1483
4341	1446
4342	320
4343	763
4344	353
4345	1642
4346	693
4347	1359
4348	696
4349	384
4350	1458
4351	1655
4352	366
4353	592
4354	914
4355	1215
4356	1400
4357	489
4358	193
4359	1459
4360	1372
4361	1330
4362	968
4363	396
4364	1037
4365	473
4366	1649
4367	452
4368	497
4369	366
4370	797
4371	1478
4372	1143
4373	1118
4374	981
4375	1479
4376	809
4377	1536
4378	459
4379	1243
4380	639
4381	892
4382	1461
4383	1408
4384	286
4385	403
4386	304
4387	1332
4388	1330
4389	1129
4390	1539
4391	1607
4392	1474
4393	366
4394	816
4395	254
4396	1574
4397	457
4398	151
4399	20
4400	999
4401	1469
4402	389
4403	1413
4404	1375
4405	48
4406	510
4407	1264
4408	1558
4409	375
4410	1646
4411	1546
4412	937
4413	718
4414	1227
4415	1412
4416	865
4417	1659
4418	1784
4419	1797
4420	1841
4421	1661
4422	1412
4423	1862
4424	676
4425	1749
4426	1895
4427	1766
4428	865
4429	1903
4430	1570
4431	458
4432	1761
4433	786
4434	1667
4435	1784
4436	1908
4437	865
4438	1886
4439	865
4440	1892
4441	1813
4442	1407
4443	1761
4444	1717
4445	200
4446	1813
4447	1685
4448	865
4449	865
4450	1732
4451	1748
4452	1570
4453	1570
4454	865
4455	1784
4456	1761
4457	678
4458	1698
4459	1776
4460	865
4461	1870
4462	678
4463	865
4464	865
4465	1570
4466	1680
4467	1842
4468	1672
4469	1813
4470	865
4471	865
4472	1864
4473	865
4474	1712
4475	1870
4476	1696
4477	1865
4478	1749
4479	876
4480	1749
4481	1903
4482	865
4483	865
4484	1870
4485	1903
4486	1894
4487	1570
4488	1903
4489	865
4490	1907
4491	678
4492	1784
4493	1711
4494	1824
4495	1707
4496	1783
4497	1768
4498	865
4499	865
4500	1689
4501	1716
4502	865
4503	865
4504	678
4505	1825
4506	865
4507	1903
4508	865
4509	1880
4510	1877
4511	1570
4512	1784
4513	1695
4514	1885
4515	1862
4516	1570
4517	1412
4518	865
4519	865
4520	1686
4521	1249
4522	1748
4523	1720
4524	865
4525	1846
4526	647
4527	1903
4528	865
4529	1691
4530	1730
4531	865
4532	678
4533	1903
4534	1900
4535	865
4536	1761
4537	1761
4538	1737
4539	1784
4540	1703
4541	1680
4542	865
4543	1761
4544	1761
4545	1862
4546	914
4547	865
4548	1570
4549	1749
4550	1749
4551	1908
4552	1903
4553	1570
4554	1741
4555	1784
4556	638
4557	1903
4558	1743
4559	1744
4560	1570
4561	1784
4562	1903
4563	1761
4564	865
4565	1903
4566	1752
4567	1749
4568	1903
4569	1862
4570	1753
4571	1412
4572	1905
4573	1784
4574	638
4575	1755
4576	1906
4577	1862
4578	1784
4579	1870
4580	200
4581	1784
4582	1771
4583	865
4584	1749
4585	1813
4586	1889
4587	1866
4588	1892
4589	865
4590	1570
4591	1784
4592	1901
4593	1784
4594	1763
4595	1879
4596	1570
4597	865
4598	865
4599	1784
4600	865
4601	1570
4602	1570
4603	1700
4604	865
4605	865
4606	865
4607	1749
4608	1872
4609	1570
4610	1740
4611	1774
4612	865
4613	1802
4614	200
4615	1861
4616	1784
4617	1827
4618	1570
4619	865
4620	1784
4621	865
4622	1765
4623	1779
4624	1761
4625	200
4626	1674
4627	1788
4628	1867
4629	1733
4630	1787
4631	1784
4632	1732
4633	1722
4634	638
4635	1813
4636	1570
4637	638
4638	1851
4639	1809
4640	145
4641	1675
4642	1570
4643	865
4644	865
4645	1687
4646	1903
4647	1725
4648	1796
4649	1784
4650	1570
4651	366
4652	1784
4653	1784
4654	1773
4655	678
4656	1806
4657	865
4658	1817
4659	865
4660	1811
4661	1697
4662	1784
4663	1814
4664	1391
4665	1761
4666	1784
4667	1784
4668	1769
4669	1670
4670	1734
4671	1820
4672	1862
4673	638
4674	1903
4675	638
4676	1840
4677	1773
4678	1833
4679	1570
4680	865
4681	1784
4682	865
4683	1570
4684	678
4685	1903
4686	1903
4687	1784
4688	1844
4689	1690
4690	1736
4691	865
4692	1761
4693	865
4694	1748
4695	1570
4696	1412
4697	1784
4698	1869
4699	638
4700	1412
4701	1279
4702	1903
4703	1853
4704	1854
4705	865
4706	1807
4707	1761
4708	1090
4709	1704
4710	1903
4711	1894
4712	1849
4713	1784
4714	1784
4715	1673
4716	1795
4717	1903
4718	977
4719	1570
4720	865
4721	1868
4722	678
4723	1855
4724	1683
4725	1756
4726	1570
4727	1784
4728	1758
4729	1789
4730	1778
4731	1767
4732	638
4733	1875
4734	1784
4735	1761
4736	865
4737	865
4738	1784
4739	1747
4740	638
4741	1903
4742	1710
4743	1774
4744	865
4745	1813
4746	1887
4747	200
4748	865
4749	1682
4750	521
4751	1705
4752	865
4753	1784
4754	1570
4755	1784
4756	1764
4757	1903
4758	1437
4759	1761
4760	1742
4761	1570
4762	865
4763	865
4764	1570
4765	333
4766	1896
4767	1902
4768	626
4769	1760
4770	1721
4771	1870
4772	1570
4773	1903
4774	1412
4775	678
4776	200
4777	1570
4778	10
4779	1777
4780	1784
4781	1870
4782	1715
4783	1888
4784	1570
4785	610
4786	1834
4787	1801
4788	1727
4789	1829
4790	638
4791	1908
4792	1903
4793	1714
4794	1840
4795	1832
4796	200
4797	865
4798	1836
4799	1677
4800	1279
4801	865
4802	1570
4803	865
4804	200
4805	1807
4806	1570
4807	638
4808	1903
4809	865
4810	1701
4811	1740
4812	1699
4813	479
4814	1898
4815	1784
4816	1570
4817	1669
4818	1688
4819	1903
4820	1570
4821	1819
4822	638
4823	882
4824	865
4825	1570
4826	1759
4827	1739
4828	1892
4829	27
4830	1726
4831	1681
4832	1412
4833	1883
4834	479
4835	1847
4836	200
4837	1784
4838	1663
4839	1751
4840	1682
4841	1687
4842	1871
4843	200
4844	1884
4845	1738
4846	1746
4847	1790
4848	1666
4849	731
4850	865
4851	1827
4852	1808
4853	1781
4854	638
4855	1810
4856	1570
4857	1903
4858	1733
4859	865
4860	1731
4861	194
4862	1706
4863	865
4864	1784
4865	678
4866	1709
4867	1908
4868	1712
4869	865
4870	1878
4871	714
4872	1904
4873	1713
4874	1903
4875	1784
4876	1793
4877	1784
4878	1170
4879	1860
4880	1570
4881	1903
4882	977
4883	1761
4884	1903
4885	1761
4886	1570
4887	1842
4888	1521
4889	1770
4890	1570
4891	1692
4892	1570
4893	865
4894	1570
4895	1862
4896	638
4897	1858
4898	1722
4899	678
4900	1735
4901	1570
4902	1729
4903	1826
4904	1791
4905	1570
4906	678
4907	865
4908	1862
4909	1770
4910	1784
4911	1596
4912	865
4913	1570
4914	1664
4915	1906
4916	1784
4917	1784
4918	865
4919	1745
4920	1784
4921	500
4922	1249
4923	1570
4924	1412
4925	676
4926	1843
4927	1719
4928	1879
4929	1903
4930	1303
4931	865
4932	909
4933	1570
4934	200
4935	1903
4936	1903
4937	1862
4938	1784
4939	1090
4940	1908
4941	1855
4942	676
4943	1662
4944	1761
4945	1784
4946	865
4947	1792
4948	1249
4949	1784
4950	1380
4951	865
4952	1784
4953	1774
4954	1570
4955	1772
4956	1784
4957	1775
4958	1570
4959	1903
4960	1703
4961	1850
4962	1732
4963	1749
4964	865
4965	865
4966	865
4967	1780
4968	1784
4969	1731
4970	1606
4971	1823
4972	1692
4973	1903
4974	1097
4975	865
4976	865
4977	1570
4978	1684
4979	1785
4980	1786
4981	865
4982	638
4983	1761
4984	1880
4985	1249
4986	1570
4987	1836
4988	865
4989	1903
4990	1828
4991	1761
4992	1570
4993	1757
4994	865
4995	1243
4996	977
4997	1682
4998	1721
4999	1784
5000	1784
5001	1570
5002	1800
5003	1857
5004	1784
5005	1570
5006	1754
5007	1803
5008	865
5009	1804
5010	1761
5011	638
5012	1903
5013	200
5014	1862
5015	1784
5016	1750
5017	1388
5018	422
5019	1708
5020	1784
5021	1815
5022	1769
5023	1813
5024	865
5025	1677
5026	1736
5027	1570
5028	1570
5029	1816
5030	1818
5031	1903
5032	1862
5033	865
5034	1822
5035	638
5036	1240
5037	865
5038	1718
5039	1570
5040	1874
5041	1865
5042	1799
5043	865
5044	1830
5045	1678
5046	678
5047	230
5048	1660
5049	1668
5050	1723
5051	1831
5052	1826
5053	865
5054	1903
5055	1784
5056	1838
5057	865
5058	1839
5059	1728
5060	1903
5061	1891
5062	1817
5063	120
5064	1719
5065	678
5066	1835
5067	1412
5068	1570
5069	678
5070	120
5071	865
5072	1784
5073	1903
5074	916
5075	1856
5076	1807
5077	1863
5078	1848
5079	1852
5080	1893
5081	865
5082	678
5083	1859
5084	865
5085	1870
5086	638
5087	1767
5088	1570
5089	1784
5090	1724
5091	865
5092	865
5093	1821
5094	1903
5095	1862
5096	1903
5097	1837
5098	1719
5099	865
5100	1740
5101	1845
5102	1873
5103	865
5104	1876
5105	1749
5106	1762
5107	1606
5108	1570
5109	1731
5110	1889
5111	1784
5112	1676
5113	1881
5114	1090
5115	1675
5116	1784
5117	865
5118	1782
5119	1784
5120	1812
5121	865
5122	1799
5123	1903
5124	638
5125	1702
5126	865
5127	1882
5128	1890
5129	1805
5130	1798
5131	865
5132	865
5133	1570
5134	865
5135	1691
5136	865
5137	1897
5138	1899
5139	1908
5140	1570
5141	1903
5142	1784
5143	1570
5144	865
5145	1693
5146	1903
5147	638
5148	1761
5149	1694
5150	865
5151	1679
5152	1665
5153	865
5154	865
5155	1671
5156	1794
5157	1784
5158	1903
5159	1570
5160	638
5161	678
5162	865
5163	1909
